//ID    X        Y        EarlyStart(s)    LateStart(s)    Svc(s)    Vol(m3) Wgt(kg)
//--------------------------------------------------------------------------------------
S0001   0.1      19.7     46317            62013           300       0.7     122.0  
S0002   3.5      11.0     39698            56290           300       1.8     308.0  
S0003   14.4     14.1     30818            43013           300       2.9     147.8  
S0004   5.0      -15.3    27247            37605           300       2.4     382.3  
S0005   2.9      13.7     32035            53162           300       2.3     283.7  
S0006   -11.2    18.6     40470            60867           300       0.7     356.6  
S0007   -11.5    -11.4    34622            53705           300       1.0     269.8  
S0008   -9.0     -2.7     45766            62437           300       2.2     110.3  
S0009   -0.4     17.2     37033            44324           300       1.5     140.6  
S0010   18.9     5.7      41892            60805           300       0.6     172.2  
S0011   -6.4     -1.0     38824            55300           300       1.1     172.6  
S0012   -0.3     -18.5    29207            39829           300       1.9     375.2  
S0013   18.0     -9.3     27004            37845           300       0.9     84.5   
S0014   6.5      4.8      29921            40339           300       0.6     53.1   
S0015   -16.7    -0.9     39399            60447           300       2.0     84.8   
S0016   -13.3    -17.4    24410            41103           300       1.3     296.7  
S0017   -17.6    -5.7     32155            49508           300       1.7     355.5  
S0018   3.5      8.0      36295            44536           300       1.8     158.7  
S0019   -10.2    -2.8     48545            58814           300       1.5     75.4   
S0020   -14.9    -7.4     32057            43659           300       0.8     110.0  
S0021   -8.5     -12.1    45477            64800           300       0.8     111.6  
S0022   15.7     -1.1     51713            61306           300       1.5     374.4  
S0023   8.5      0.7      22976            38240           300       1.6     389.8  
S0024   8.2      -10.1    29392            41884           300       2.9     237.8  
S0025   -18.8    18.3     56958            64800           300       2.3     166.9  
S0026   9.8      17.6     42988            62041           300       2.1     203.3  
S0027   19.1     -12.3    32847            44227           300       2.8     212.4  
S0028   -11.7    -18.5    33485            41491           300       0.9     350.3  
S0029   0.8      14.6     49673            59016           300       0.6     328.4  
S0030   -12.4    -18.2    51286            64800           300       1.6     100.0  
S0031   15.4     -16.1    39771            53182           300       1.2     326.5  
S0032   3.2      10.7     44591            56569           300       2.1     226.7  
S0033   -15.4    -4.5     49453            62783           300       1.7     308.3  
S0034   1.8      -9.6     38080            50722           300       1.5     255.7  
S0035   -12.2    7.7      29556            43463           300       2.8     310.7  
S0036   14.9     -13.1    34601            44664           300       2.5     119.9  
S0037   6.1      15.6     35186            42583           300       1.3     220.3  
S0038   16.0     -8.0     31389            46523           300       2.6     270.5  
S0039   -6.6     -16.1    52490            64800           300       2.8     348.9  
S0040   -2.7     -12.1    49054            64800           300       0.6     223.9  
S0041   5.7      13.1     36131            51744           300       1.2     294.0  
S0042   5.4      20.0     35026            54095           300       2.2     300.5  
S0043   -4.8     -16.5    42899            60508           300       1.9     382.4  
S0044   -6.1     13.2     22435            35301           300       1.3     91.6   
S0045   2.3      15.6     30667            48035           300       2.1     62.6   
S0046   11.9     -17.8    49461            64800           300       2.6     252.4  
S0047   13.1     16.5     56097            64800           300       0.8     305.0  
S0048   -6.8     -10.8    42402            55886           300       2.1     156.7  
S0049   -4.6     10.2     52793            64800           300       2.4     135.4  
S0050   17.6     -13.8    22064            36217           300       1.3     308.9  
S0051   -9.7     -4.1     28398            49591           300       1.1     88.6   
S0052   -17.2    -9.2     31603            46213           300       2.4     121.2  
S0053   13.9     10.8     38174            56527           300       1.5     73.4   
S0054   -11.8    -0.9     33213            53054           300       1.1     65.7   
S0055   -8.6     9.1      31730            38951           300       1.4     182.5  
S0056   -15.0    18.7     34818            47739           300       1.0     184.2  
S0057   -0.0     -4.3     33483            47640           300       1.6     228.9  
S0058   -0.6     -13.2    22698            36381           300       1.2     378.7  
S0059   2.4      2.6      30408            37673           300       1.8     102.2  
S0060   2.6      -14.9    41870            56802           300       1.5     309.6  
S0061   16.4     -9.1     22197            39901           300       2.8     147.4  
S0062   -16.1    8.5      53396            61618           300       2.2     174.4  
S0063   6.4      -8.4     23535            34521           300       0.9     111.3  
S0064   16.9     11.0     42533            61092           300       2.9     197.5  
S0065   9.8      3.6      43794            54196           300       1.2     58.6   
S0066   5.8      -1.0     56684            64800           300       1.7     360.2  
S0067   18.2     8.8      29732            46119           300       0.5     358.5  
S0068   -2.5     3.2      40971            55689           300       2.2     358.6  
S0069   -2.6     7.8      41307            56625           300       1.1     158.1  
S0070   7.6      17.0     45974            55773           300       2.2     179.5  
S0071   -4.3     -12.2    40266            48071           300       2.8     155.3  
S0072   -8.6     -0.1     33138            43443           300       2.3     369.5  
S0073   -1.6     -14.7    51850            64800           300       1.9     289.4  
S0074   -0.5     -14.6    52999            64800           300       1.9     99.9   
S0075   -15.5    8.8      22084            35523           300       2.2     318.4  
S0076   -12.0    -4.3     47008            60291           300       2.6     126.0  
S0077   -19.2    13.7     45435            56302           300       2.2     197.6  
S0078   -11.8    -11.5    44612            58621           300       1.6     394.1  
S0079   6.4      10.1     27511            46981           300       2.1     163.4  
S0080   16.1     -14.8    53806            64800           300       2.7     102.5  
S0081   -20.0    8.2      46829            61855           300       0.5     319.6  
S0082   -19.7    -9.6     34887            51788           300       0.5     123.1  
S0083   -12.5    -9.8     30442            39152           300       2.6     157.8  
S0084   12.8     -17.9    46533            62460           300       1.7     174.4  
S0085   7.2      4.8      45279            53942           300       0.9     217.6  
S0086   15.6     -9.9     22108            37870           300       0.8     211.4  
S0087   10.2     18.4     21639            35237           300       2.4     385.4  
S0088   13.0     -8.8     26688            43248           300       1.6     159.3  
S0089   3.8      19.7     22869            34995           300       2.3     246.0  
S0090   -2.7     -16.1    56157            64800           300       1.6     214.9  
S0091   -8.6     -17.3    21977            40000           300       0.7     134.4  
S0092   -11.7    -1.6     36015            44927           300       2.7     141.5  
S0093   -6.5     13.3     34418            45678           300       2.1     365.0  
S0094   -3.0     4.3      28443            45288           300       1.7     221.6  
S0095   -9.0     -12.1    25614            46171           300       1.8     147.9  
S0096   2.0      -19.4    43343            54292           300       1.3     253.1  
S0097   12.5     6.8      44732            60318           300       1.6     180.8  
S0098   16.1     16.2     27254            42328           300       0.6     94.4   
S0099   3.6      -15.4    26100            34760           300       2.8     368.3  
S0100   -18.4    14.8     55541            64800           300       2.3     202.0  
S0101   6.2      -15.2    39741            56886           300       1.7     251.8  
S0102   -8.5     -18.9    41217            58952           300       2.6     64.7   
