//ID    X        Y        EarlyStart(s)    LateStart(s)    Svc(s)    Vol(m3) Wgt(kg)
//--------------------------------------------------------------------------------------
S0001   0.5      15.2     24574            34400           300       2.7     312.5  
S0002   9.2      -0.7     52688            64800           300       1.5     89.6   
S0003   -10.2    3.0      50674            64800           300       2.9     236.2  
S0004   17.4     -1.0     41186            50053           300       1.2     280.7  
S0005   -8.0     13.3     47292            59015           300       1.9     316.7  
S0006   19.1     4.6      53862            64800           300       2.8     134.0  
S0007   11.5     -18.3    35544            47579           300       2.3     194.3  
S0008   13.4     -8.7     40633            52704           300       1.2     77.1   
S0009   -12.5    15.5     22084            35145           300       2.1     293.4  
S0010   -9.5     -0.4     33319            43325           300       2.5     396.2  
S0011   9.6      15.9     25566            44084           300       2.1     296.4  
S0012   -13.8    -17.5    27937            38687           300       2.0     162.3  
S0013   -13.9    -6.5     25593            47091           300       2.0     191.6  
S0014   -1.0     2.5      51098            64800           300       2.8     54.7   
S0015   11.3     16.6     51232            64800           300       1.9     331.8  
S0016   6.8      -2.4     51488            64800           300       1.9     307.7  
S0017   -12.0    -8.7     22626            36368           300       1.1     249.2  
S0018   -4.7     -8.5     47254            62901           300       1.1     105.3  
S0019   -2.7     -5.1     48093            64800           300       2.5     222.0  
S0020   -15.5    -6.8     23695            35796           300       2.8     208.1  
S0021   2.5      19.6     38726            47682           300       0.6     78.2   
S0022   10.0     -8.1     38054            50284           300       1.7     173.1  
S0023   18.3     -2.7     22996            33292           300       1.0     103.5  
S0024   -10.3    -9.9     57561            64800           300       0.9     256.0  
S0025   -6.1     9.0      24813            38410           300       2.9     211.5  
S0026   5.7      -14.3    25028            42970           300       2.0     228.3  
S0027   -8.3     -5.6     46729            64737           300       2.6     146.3  
S0028   5.9      9.4      56346            64800           300       1.1     293.2  
S0029   -1.4     13.2     33987            54053           300       2.1     319.5  
S0030   7.2      17.5     50815            58511           300       1.6     205.4  
S0031   1.3      11.8     43391            54881           300       2.7     247.8  
S0032   -8.4     17.7     51266            64800           300       0.7     89.4   
S0033   -12.0    -2.9     56278            64800           300       1.7     285.7  
S0034   -0.3     10.8     48374            64800           300       2.3     186.0  
S0035   -8.1     -6.2     29277            45667           300       1.5     104.8  
S0036   -5.2     -11.5    38000            46807           300       1.4     68.7   
S0037   -17.8    10.3     45396            64800           300       2.4     220.6  
S0038   -5.9     5.8      36380            56374           300       2.4     220.4  
S0039   -1.0     -5.8     39083            50904           300       1.6     326.2  
S0040   -12.4    5.2      22873            43963           300       1.6     353.7  
S0041   12.5     -17.6    48879            57378           300       1.5     57.5   
S0042   14.8     18.6     45012            62100           300       0.7     234.8  
S0043   -4.2     -18.2    38163            53903           300       2.3     301.3  
S0044   6.4      -11.3    53824            64800           300       2.7     175.4  
S0045   15.4     14.8     27578            44977           300       2.7     51.0   
S0046   7.3      -7.5     26516            37326           300       2.2     143.7  
S0047   1.0      -13.3    57218            64800           300       1.2     179.4  
S0048   -3.2     -0.6     23069            41095           300       1.0     56.7   
S0049   -17.2    13.1     48876            64800           300       2.5     294.2  
S0050   -9.9     -4.3     23203            41215           300       2.4     370.5  
S0051   -17.1    18.3     51366            64800           300       2.2     205.7  
S0052   14.3     -3.1     31225            52583           300       2.9     314.1  
S0053   13.3     -5.6     54682            64800           300       2.5     84.8   
S0054   -10.9    -0.3     51036            60672           300       1.5     308.2  
S0055   12.0     -3.9     51344            59895           300       2.1     131.4  
S0056   19.7     17.8     32782            46945           300       2.8     390.6  
S0057   -15.9    -15.9    55774            64800           300       1.3     298.7  
S0058   -6.6     10.8     22251            38691           300       2.3     147.0  
S0059   -1.2     12.8     24465            37911           300       0.8     189.6  
S0060   9.6      18.7     44168            64800           300       0.5     382.2  
S0061   -6.0     2.7      54516            63859           300       1.4     229.0  
S0062   -0.6     19.8     56588            64800           300       1.8     184.2  
S0063   19.3     -8.7     29853            51396           300       1.9     190.1  
S0064   -16.2    -18.5    31464            52735           300       1.2     393.8  
S0065   -5.1     -6.9     48568            58043           300       2.6     109.6  
S0066   0.6      -16.9    22065            36714           300       0.6     83.8   
S0067   -8.9     8.7      23373            36503           300       2.5     387.8  
S0068   7.5      -3.6     24253            31804           300       2.8     121.7  
S0069   14.7     18.7     29867            46230           300       3.0     378.4  
S0070   -19.4    16.7     43771            59330           300       0.5     204.6  
S0071   0.5      -5.8     31958            50944           300       1.3     329.0  
S0072   -3.4     -18.0    37483            50496           300       2.8     343.1  
S0073   -6.2     -15.7    23021            43283           300       1.9     379.7  
S0074   13.6     4.3      26141            35072           300       2.0     173.2  
S0075   13.3     12.6     43413            61454           300       1.3     317.3  
S0076   -15.2    10.4     41734            53659           300       1.5     161.5  
S0077   -8.6     -14.5    23491            37248           300       3.0     323.3  
S0078   -15.2    19.7     36957            52902           300       0.7     141.9  
S0079   -8.2     -9.7     40773            50924           300       0.7     171.2  
S0080   16.0     -16.0    32693            42557           300       1.2     52.1   
S0081   15.9     4.9      32752            49283           300       1.1     202.7  
S0082   -14.3    17.9     54420            64800           300       3.0     187.4  
S0083   -13.5    19.5     50372            64800           300       0.6     68.3   
S0084   -17.0    -9.6     39793            56045           300       2.0     76.2   
S0085   15.1     -19.9    51836            64800           300       1.9     221.0  
S0086   18.6     0.7      52555            64800           300       1.9     179.1  
S0087   11.9     -7.2     46612            64800           300       0.6     338.2  
S0088   17.5     -6.5     36644            56049           300       2.5     341.8  
S0089   14.0     14.3     42418            59389           300       1.2     244.0  
S0090   -1.6     -11.8    44926            55203           300       0.7     271.0  
S0091   16.0     11.9     53589            64800           300       2.1     120.8  
S0092   -18.4    11.3     47117            64800           300       2.2     368.6  
S0093   -15.8    18.0     52315            62480           300       1.3     284.3  
S0094   -5.5     -8.0     41626            57679           300       1.1     54.7   
S0095   3.9      4.3      50829            64800           300       2.3     108.5  
S0096   -12.1    13.7     40824            58136           300       1.8     284.6  
S0097   -10.5    -8.9     40550            49428           300       2.7     70.1   
S0098   -19.7    -16.0    23744            34149           300       1.4     393.2  
S0099   -8.1     3.3      35713            50622           300       2.0     80.2   
S0100   -3.2     -19.1    29992            50738           300       2.1     322.7  
S0101   -15.7    1.8      34754            48414           300       1.6     173.5  
S0102   3.7      -7.1     55745            64800           300       1.9     150.4  
S0103   9.0      -7.9     24763            32980           300       1.6     122.7  
S0104   4.2      -2.8     49839            64800           300       2.4     61.7   
S0105   -8.3     14.6     50367            59260           300       2.4     359.4  
S0106   -8.5     8.0      54657            63713           300       3.0     121.7  
S0107   11.9     5.3      27268            41841           300       1.2     206.8  
S0108   -11.0    13.3     28337            47516           300       1.2     209.8  
S0109   16.5     18.1     38706            57821           300       1.8     67.4   
S0110   18.9     -16.2    31255            46252           300       2.2     75.6   
S0111   -5.1     -0.7     31849            44001           300       2.5     56.4   
S0112   -11.7    18.4     23046            35659           300       2.7     110.9  
S0113   -12.8    10.5     37711            52519           300       2.8     112.7  
S0114   -15.9    17.3     53257            64800           300       0.6     266.4  
S0115   13.5     7.7      30456            41194           300       0.6     259.5  
S0116   13.9     -4.1     52951            60708           300       2.4     319.3  
S0117   3.8      -5.2     29582            46560           300       1.6     227.5  
S0118   -16.2    15.9     38481            57025           300       1.8     192.2  
S0119   12.4     9.0      26081            43758           300       1.5     171.2  
S0120   16.7     13.3     22334            33261           300       2.8     279.5  
S0121   19.3     13.6     29449            49801           300       2.3     70.6   
S0122   2.1      -13.3    48860            58455           300       1.9     330.6  
S0123   15.7     -8.3     37463            58252           300       1.9     54.4   
S0124   -16.9    -15.8    52199            64800           300       2.4     221.9  
S0125   18.1     18.1     32506            50845           300       1.1     154.8  
S0126   16.2     -5.9     34792            52597           300       2.2     60.2   
S0127   3.5      -16.4    41549            59677           300       0.6     342.0  
S0128   -5.7     10.6     46643            59724           300       2.3     335.1  
S0129   -0.7     19.2     40703            48021           300       2.0     181.7  
S0130   -8.3     -0.7     40451            55877           300       1.5     142.3  
S0131   17.1     4.8      32475            44378           300       1.5     281.2  
S0132   6.6      -9.4     49617            64634           300       2.9     362.0  
S0133   -3.3     -14.7    28535            40580           300       2.6     278.0  
S0134   -18.8    -16.6    44816            52913           300       2.8     121.0  
S0135   -5.7     -4.4     51705            64800           300       2.1     394.6  
S0136   -7.5     -17.3    56421            64645           300       2.4     122.3  
S0137   9.4      16.3     22084            30557           300       1.1     54.9   
S0138   4.8      -3.4     36835            44282           300       2.6     128.8  
S0139   8.8      17.9     25184            39191           300       2.0     105.0  
S0140   -17.2    -16.3    24227            44991           300       2.6     111.8  
S0141   -9.2     -8.1     31304            47722           300       1.4     98.6   
S0142   -17.3    -6.1     41249            62497           300       2.4     74.5   
S0143   15.4     12.9     53710            64800           300       1.9     76.1   
S0144   0.1      19.2     45010            62739           300       0.8     194.6  
S0145   -1.1     12.0     43114            57172           300       0.8     212.9  
S0146   -12.5    -7.6     25986            37856           300       2.1     381.8  
S0147   11.4     13.6     24576            37095           300       1.8     70.9   
S0148   -8.6     2.4      51691            62637           300       2.7     158.6  
S0149   -4.3     -13.3    33360            45344           300       1.4     105.6  
S0150   9.2      16.5     37136            57647           300       2.4     92.3   
S0151   -15.9    -5.2     53079            64800           300       1.6     218.7  
S0152   8.1      11.3     28569            46833           300       2.5     333.9  
S0153   13.6     -16.4    29891            49230           300       2.7     306.1  
S0154   -5.1     3.1      47144            63554           300       2.2     151.4  
S0155   13.1     4.8      38389            48172           300       1.6     363.8  
S0156   11.7     -17.4    39352            53888           300       1.0     383.0  
S0157   -16.4    -2.7     27952            47514           300       0.6     160.8  
S0158   -18.4    3.6      53238            64800           300       2.7     247.5  
S0159   -8.9     1.9      35423            54292           300       2.2     94.3   
S0160   -3.7     10.9     40760            55321           300       2.6     112.4  
S0161   -19.8    -15.8    33955            53757           300       2.5     328.6  
S0162   5.8      -2.8     42330            52427           300       2.7     191.0  
S0163   17.6     14.7     54138            64800           300       2.3     315.8  
S0164   -17.2    19.8     39672            56884           300       0.8     225.3  
S0165   10.5     -3.5     43852            56427           300       1.5     92.9   
S0166   19.4     -13.3    53671            64800           300       1.6     278.8  
S0167   4.8      -5.6     49968            63423           300       2.1     393.8  
S0168   2.8      -7.4     23405            44775           300       1.7     133.0  
S0169   5.2      1.3      21628            35605           300       0.5     121.1  
S0170   -1.8     19.5     42560            55655           300       1.7     317.0  
S0171   -18.7    15.6     32554            51810           300       1.0     239.0  
S0172   -10.9    6.2      37307            55555           300       1.6     221.6  
S0173   -3.1     13.2     22534            38471           300       2.4     275.0  
S0174   -7.0     6.3      27482            46081           300       1.6     144.1  
S0175   16.6     5.0      27380            35389           300       3.0     355.1  
S0176   -16.2    0.5      25976            44885           300       2.0     229.7  
S0177   -9.4     12.8     33215            42024           300       2.5     227.7  
S0178   -3.3     10.0     44063            55296           300       1.1     379.6  
S0179   -14.9    -2.0     36126            57657           300       1.7     100.7  
S0180   5.5      -14.6    37101            49319           300       0.7     331.9  
S0181   -6.0     19.0     49728            58431           300       0.9     50.2   
S0182   -1.2     -15.4    38823            50746           300       1.0     156.5  
S0183   -18.9    18.2     48983            64800           300       2.9     398.8  
S0184   -14.0    -9.5     31766            47999           300       1.5     88.1   
S0185   -14.4    19.4     44929            58506           300       0.6     264.4  
S0186   17.0     13.7     31839            50626           300       1.1     333.9  
S0187   3.4      -12.3    24337            35024           300       1.0     143.6  
S0188   8.1      -17.8    47583            58462           300       2.9     218.6  
S0189   -4.2     12.2     43773            61415           300       2.7     354.3  
S0190   3.8      -2.3     53316            64800           300       2.9     282.9  
S0191   -6.2     -16.5    54050            64800           300       1.3     368.8  
S0192   -1.4     9.3      56038            64800           300       1.2     142.3  
S0193   16.7     -0.9     28722            45901           300       2.9     143.4  
S0194   -4.1     2.9      25221            45207           300       2.2     83.0   
S0195   -6.2     2.5      38111            51341           300       0.6     243.8  
S0196   -16.7    -7.3     46590            64800           300       2.0     69.9   
S0197   7.5      12.7     45440            56882           300       2.0     175.0  
S0198   -2.5     16.1     23462            33847           300       0.6     373.2  
S0199   -0.7     -5.3     50112            58006           300       1.7     363.8  
S0200   -13.8    -0.5     35687            49458           300       0.5     334.5  
S0201   -5.0     -18.4    50631            64800           300       2.4     135.5  
S0202   10.7     -14.3    54841            64800           300       2.2     206.8  
S0203   9.8      -13.9    21824            32016           300       2.6     133.7  
S0204   -18.8    -9.0     38744            46312           300       1.3     303.4  
S0205   12.2     7.9      40650            60915           300       0.8     371.7  
S0206   -2.4     -7.6     42277            54994           300       2.1     374.6  
S0207   14.1     1.1      37948            51270           300       2.2     381.7  
S0208   10.9     13.3     37655            57552           300       0.6     366.9  
S0209   -15.8    9.9      25552            41284           300       2.8     389.4  
S0210   -19.3    4.4      27712            37735           300       2.1     223.4  
S0211   2.6      9.8      39825            56830           300       1.7     257.1  
S0212   6.7      16.8     44158            64800           300       2.5     319.3  
S0213   4.7      -16.9    51519            64800           300       2.1     121.0  
S0214   -13.8    -16.3    35222            56195           300       0.5     375.0  
S0215   17.5     -15.5    28480            44378           300       1.6     335.8  
S0216   3.7      -15.4    40405            56407           300       1.2     258.7  
S0217   6.6      4.7      48545            64800           300       2.6     264.7  
S0218   10.8     -3.3     55298            64800           300       1.5     221.1  
S0219   -9.4     0.9      53738            64800           300       1.2     309.8  
S0220   -6.1     -18.2    42844            50301           300       1.0     62.2   
S0221   -4.3     18.0     47105            63619           300       1.5     386.3  
S0222   -15.1    6.6      29458            38455           300       1.4     54.9   
S0223   -8.0     -13.0    44630            59028           300       0.8     342.4  
S0224   -4.6     -20.0    43871            63040           300       2.3     111.8  
S0225   11.8     0.4      57101            64800           300       2.4     373.2  
S0226   -9.0     -17.7    38181            51625           300       1.9     234.8  
S0227   5.1      -11.2    41320            58051           300       2.3     306.8  
S0228   -2.7     -1.1     55713            64800           300       1.7     188.0  
S0229   14.6     0.6      40275            53753           300       2.3     201.2  
S0230   3.7      15.3     22061            38519           300       0.6     365.4  
S0231   8.8      -16.3    22089            35736           300       1.2     213.1  
S0232   -15.2    -19.5    49652            64800           300       2.3     174.1  
S0233   4.8      -11.4    35109            53421           300       1.0     160.8  
S0234   -7.2     10.0     56814            64800           300       3.0     227.5  
S0235   -8.8     -14.2    27108            37058           300       1.2     355.1  
S0236   -14.5    11.1     41948            54128           300       2.0     217.6  
S0237   -6.4     2.1      46486            62416           300       2.1     341.9  
S0238   13.3     -2.8     46303            58319           300       2.1     188.3  
S0239   -19.5    5.8      54244            62825           300       2.8     323.9  
S0240   -4.6     13.8     45873            53606           300       0.8     277.2  
S0241   18.7     16.4     32348            50568           300       2.2     398.3  
S0242   15.0     -13.2    23718            36084           300       1.6     126.9  
S0243   10.4     -5.4     30009            44535           300       2.1     298.3  
S0244   -9.6     -15.0    36668            52210           300       0.9     100.2  
S0245   -16.9    3.2      43790            62460           300       0.7     350.5  
S0246   15.1     -1.2     50046            64800           300       1.4     71.0   
S0247   -5.8     6.5      35985            45834           300       2.7     173.7  
S0248   -0.5     -11.5    36663            49209           300       0.6     264.3  
S0249   -12.4    -3.5     36485            48106           300       2.3     88.3   
S0250   1.4      3.0      48626            57252           300       2.4     153.4  
S0251   -15.0    0.5      52385            64800           300       2.3     136.3  
S0252   18.1     -14.3    35535            54749           300       1.7     193.7  
S0253   -0.7     -5.2     28605            48592           300       1.1     162.0  
S0254   18.3     16.8     40800            61778           300       1.3     365.8  
S0255   -11.5    16.8     50043            57438           300       1.5     126.1  
S0256   -1.2     -9.3     53186            64800           300       1.1     309.4  
S0257   -13.4    16.5     24434            44997           300       1.4     133.3  
S0258   -19.5    16.6     51896            64800           300       2.6     362.6  
S0259   -8.6     18.7     45366            64800           300       1.8     111.7  
S0260   14.9     18.0     51811            60620           300       2.0     357.5  
S0261   14.3     5.0      37093            51135           300       1.2     171.3  
S0262   19.6     -16.3    29468            38196           300       0.8     91.6   
S0263   -11.7    -15.7    50284            63879           300       0.8     372.0  
S0264   1.9      13.6     36370            54693           300       2.0     118.0  
S0265   -7.3     -15.9    23062            35021           300       2.3     295.8  
S0266   -7.6     10.3     28480            45746           300       2.7     165.8  
S0267   1.5      -4.6     35829            46200           300       2.9     141.5  
S0268   -7.0     9.9      47878            59641           300       2.6     342.5  
S0269   10.5     14.0     47241            60700           300       2.7     316.2  
S0270   13.5     6.6      28777            41402           300       2.2     124.2  
S0271   -1.1     19.2     32622            46281           300       2.7     334.9  
S0272   7.2      -18.2    51846            59318           300       2.5     285.6  
S0273   14.9     15.0     48131            57716           300       1.0     220.1  
S0274   -8.9     -15.4    30831            50341           300       0.9     74.8   
S0275   19.1     13.0     51702            64800           300       1.3     110.7  
S0276   -8.8     4.4      31721            51490           300       1.2     248.2  
S0277   -10.5    9.5      40683            58201           300       3.0     240.1  
S0278   -11.0    -12.2    54013            64800           300       2.5     56.3   
S0279   -4.5     -16.7    40492            48039           300       2.3     78.3   
S0280   -7.6     19.7     31066            52260           300       1.3     80.9   
S0281   7.1      -19.1    41068            61870           300       2.3     323.3  
S0282   8.5      -1.1     43277            59269           300       0.8     310.4  
S0283   11.5     18.5     37940            52019           300       0.8     180.4  
S0284   -5.6     -4.2     38904            57055           300       1.1     255.4  
S0285   -4.5     4.2      44623            60812           300       2.3     233.9  
S0286   1.7      3.6      40590            52860           300       2.3     209.2  
S0287   8.3      5.7      46193            60195           300       2.5     112.7  
S0288   -2.6     5.8      53423            64800           300       1.8     352.1  
S0289   -9.5     4.7      26627            38541           300       1.3     198.4  
S0290   -12.3    6.5      40736            57085           300       1.6     96.4   
S0291   3.0      -14.7    43050            60204           300       1.3     353.0  
S0292   -13.4    14.5     54978            64800           300       1.2     330.6  
S0293   -13.8    7.8      31062            46021           300       2.5     296.7  
S0294   15.8     -7.9     27892            44176           300       2.5     62.9   
S0295   -1.6     -0.6     28647            36033           300       1.1     288.2  
S0296   3.4      -16.3    40899            51278           300       0.9     50.1   
S0297   -18.4    19.7     29210            42532           300       0.8     312.8  
S0298   -8.6     -5.9     52237            64800           300       1.7     151.9  
S0299   -11.2    -14.1    30450            40272           300       1.6     372.0  
S0300   1.7      -1.5     22903            35653           300       2.1     335.6  
S0301   -11.1    -4.8     53283            64800           300       1.7     339.0  
S0302   -14.3    -13.9    23619            43122           300       2.4     209.7  
S0303   -12.0    -15.7    26809            44389           300       2.0     294.0  
S0304   -4.6     9.8      39444            51359           300       2.1     142.5  
S0305   10.8     -0.2     27557            43655           300       1.6     270.6  
S0306   15.1     -9.7     54685            61918           300       1.2     130.2  
S0307   18.7     -11.4    51432            64771           300       2.6     74.0   
S0308   8.0      -4.1     26915            34659           300       0.8     363.2  
S0309   -4.5     2.8      24024            38391           300       2.4     93.5   
S0310   11.9     -19.1    37332            44976           300       2.4     325.3  
S0311   -3.6     -9.5     23920            34031           300       1.4     174.9  
S0312   7.7      -10.8    32192            50810           300       1.6     84.9   
S0313   8.1      -2.1     30326            42633           300       1.1     295.8  
S0314   8.0      -2.7     29237            40797           300       3.0     341.3  
S0315   7.4      -6.1     37124            47782           300       1.0     394.6  
S0316   -11.6    14.2     27191            45315           300       2.2     156.6  
S0317   15.5     15.7     32536            44471           300       2.8     181.9  
S0318   19.6     14.4     30397            42868           300       0.7     86.3   
S0319   -13.1    6.5      33208            51716           300       2.3     63.0   
S0320   3.9      -19.8    48423            64800           300       1.5     100.6  
S0321   -18.8    19.3     26590            44635           300       1.8     81.3   
S0322   -6.3     -13.4    35931            57439           300       1.3     381.7  
S0323   1.1      -17.5    51587            64800           300       3.0     71.5   
S0324   -6.9     2.6      30272            40959           300       2.7     59.7   
S0325   -1.9     -2.9     39014            51882           300       0.6     278.3  
S0326   17.1     8.3      34387            41928           300       0.6     252.7  
S0327   -2.9     6.9      33212            52072           300       1.8     159.4  
S0328   8.6      18.4     29542            45729           300       2.2     209.5  
S0329   1.7      7.6      37234            55508           300       2.5     84.2   
S0330   -7.6     -5.0     26391            43377           300       1.7     333.4  
S0331   -3.4     -5.6     55357            64800           300       2.2     322.5  
S0332   -11.1    -16.8    56397            64800           300       1.6     80.8   
S0333   -15.6    -17.8    31524            44547           300       1.5     192.4  
S0334   -0.3     8.4      30062            41241           300       0.5     170.5  
S0335   -4.5     -15.7    22212            32859           300       2.2     336.7  
S0336   1.4      1.2      28060            44161           300       1.8     332.1  
S0337   6.0      -10.3    24962            38626           300       1.4     288.4  
S0338   16.7     1.4      24783            45723           300       2.6     130.8  
S0339   -15.6    -13.1    32719            54199           300       2.1     114.2  
S0340   18.2     -3.9     34284            53719           300       1.1     390.9  
S0341   -19.8    8.0      56244            64800           300       1.0     337.2  
S0342   18.1     -8.1     24740            35056           300       0.7     286.9  
S0343   18.5     -0.7     45917            58178           300       1.9     225.5  
S0344   13.5     -16.9    46792            61433           300       2.5     283.8  
S0345   -14.2    -3.1     36643            45980           300       1.4     289.5  
S0346   -16.9    -0.6     38441            46730           300       2.3     132.0  
S0347   10.6     13.1     51346            62590           300       0.6     76.3   
S0348   -5.9     15.6     29036            37001           300       1.9     364.7  
S0349   10.7     -17.0    26041            43539           300       2.5     230.6  
S0350   16.2     -18.4    25579            37209           300       2.8     158.8  
S0351   -9.3     -5.8     45905            64800           300       2.9     379.0  
S0352   -5.6     3.1      48168            61892           300       2.4     311.8  
S0353   -6.0     -10.8    33381            50547           300       2.1     98.7   
S0354   -8.4     9.2      48267            64800           300       2.8     68.6   
S0355   -11.5    -10.9    37665            58501           300       1.8     301.0  
S0356   -15.3    1.5      50140            64800           300       1.1     360.8  
S0357   -12.9    5.9      56054            64800           300       0.5     70.6   
S0358   17.4     12.3     50651            64800           300       2.7     372.2  
S0359   1.9      4.0      24105            39001           300       0.7     302.8  
S0360   -9.7     14.8     29083            38237           300       1.4     114.4  
S0361   2.4      -19.5    39868            53786           300       3.0     94.5   
S0362   -5.3     -19.9    29565            40737           300       1.1     285.7  
S0363   -3.4     9.8      22998            31439           300       0.5     109.0  
S0364   12.7     -17.4    53257            64800           300       2.4     373.9  
S0365   -13.4    17.7     32172            52990           300       1.3     357.7  
S0366   4.7      -8.7     35689            43469           300       2.7     77.2   
S0367   -16.8    9.2      26193            44621           300       0.6     71.5   
S0368   -17.5    19.3     48991            56702           300       1.8     319.1  
S0369   16.8     10.6     45659            59301           300       1.3     394.6  
S0370   8.1      -11.1    35237            55647           300       2.8     171.2  
S0371   11.9     -17.0    22827            36190           300       1.4     244.2  
S0372   2.4      -2.5     24995            35068           300       1.5     280.2  
S0373   -3.6     -1.5     29855            46450           300       2.0     229.2  
S0374   12.6     18.6     24620            40494           300       0.8     132.7  
S0375   17.6     6.3      27796            37987           300       1.4     92.5   
S0376   -14.2    -6.7     45778            59234           300       1.5     334.5  
S0377   -15.3    -18.5    26771            42791           300       1.6     352.7  
S0378   -14.3    -12.9    36297            50765           300       2.2     310.1  
S0379   -2.6     1.5      51709            64800           300       1.5     355.4  
S0380   1.7      9.6      55448            64800           300       2.2     184.6  
S0381   -18.2    10.8     50417            64800           300       2.5     155.1  
S0382   -2.2     -14.3    48026            57100           300       0.7     240.0  
S0383   5.4      -1.8     48570            60313           300       1.7     314.3  
S0384   15.9     11.6     45556            55366           300       1.5     228.9  
S0385   2.2      -14.4    36471            49809           300       1.4     375.4  
S0386   10.1     -0.8     28623            48566           300       0.7     288.9  
S0387   -9.6     1.4      45539            60989           300       1.5     102.8  
S0388   10.9     -0.2     54230            64800           300       2.2     164.4  
S0389   -9.6     1.0      36260            53973           300       2.7     384.0  
S0390   -14.6    1.9      32650            41139           300       2.5     232.8  
S0391   -19.1    -18.5    31184            50007           300       1.3     263.4  
S0392   -13.3    15.0     39170            48578           300       0.8     374.1  
S0393   15.1     2.0      34266            54649           300       1.4     291.3  
S0394   -19.1    6.1      40031            60678           300       0.5     261.4  
S0395   11.8     -11.4    51291            63123           300       2.3     68.8   
S0396   4.2      15.3     30732            47057           300       1.7     195.3  
S0397   12.1     2.2      56860            64800           300       0.7     264.3  
S0398   -2.7     6.3      50867            64800           300       2.8     380.1  
S0399   -19.2    13.3     29952            46205           300       2.4     334.1  
S0400   5.2      5.6      47419            60307           300       0.6     381.9  
S0401   -19.1    8.3      33550            44944           300       2.1     140.3  
S0402   -6.7     -2.8     49471            61096           300       2.3     123.6  
S0403   -16.9    0.3      41373            49722           300       2.0     141.1  
S0404   18.8     -1.4     30504            40851           300       1.3     78.0   
S0405   6.5      -10.3    38201            48911           300       2.3     154.9  
S0406   1.3      13.0     36107            55913           300       0.6     194.1  
S0407   19.9     13.2     41267            51918           300       0.6     289.6  
S0408   -15.4    18.8     51710            64800           300       1.6     348.6  
S0409   -13.9    5.1      35238            43689           300       1.9     241.9  
S0410   8.5      3.9      55413            64800           300       2.6     386.8  
S0411   10.6     -16.7    22468            40118           300       1.3     119.1  
S0412   -5.7     -7.0     57146            64800           300       1.2     325.0  
S0413   -2.5     10.9     31296            46617           300       1.8     373.6  
S0414   5.8      8.3      49801            64800           300       2.4     222.8  
S0415   15.5     4.5      23253            40238           300       2.0     122.3  
S0416   -15.0    -6.1     41609            53216           300       1.8     158.8  
S0417   -13.1    19.6     46708            64800           300       1.4     285.2  
S0418   -12.1    17.6     25191            35786           300       2.7     170.0  
S0419   4.2      16.8     29452            45580           300       1.6     386.6  
S0420   19.9     10.4     41998            53857           300       2.7     154.0  
S0421   -12.8    -17.6    46770            64800           300       1.6     124.4  
S0422   -0.8     8.5      25186            42598           300       2.6     196.4  
S0423   -5.0     -10.8    30224            39904           300       0.8     108.5  
S0424   -18.6    -7.4     45019            64800           300       1.2     388.4  
S0425   5.6      6.4      46731            61967           300       3.0     73.5   
S0426   -6.4     -13.5    41245            48674           300       2.5     75.6   
S0427   9.4      0.9      37357            51483           300       2.5     229.2  
S0428   10.3     17.0     45461            64292           300       2.0     370.7  
S0429   8.6      -4.5     56754            64800           300       2.4     126.5  
S0430   -0.7     -4.1     41262            51710           300       2.0     281.3  
S0431   10.0     -18.0    55919            64743           300       1.9     129.7  
S0432   8.4      -11.3    35090            52804           300       1.4     384.5  
S0433   -7.5     11.3     55421            64800           300       1.9     91.6   
S0434   6.6      13.1     41949            52375           300       2.5     295.9  
S0435   1.3      18.7     48547            64800           300       1.8     212.3  
S0436   8.0      -16.8    54972            64800           300       1.1     110.8  
S0437   8.7      -16.9    22754            42540           300       1.9     159.8  
S0438   11.1     -18.0    28387            41314           300       3.0     385.5  
S0439   -10.9    16.0     35740            44805           300       2.1     170.9  
S0440   -0.1     16.9     40716            54545           300       1.7     385.9  
S0441   5.7      15.9     28540            45923           300       1.9     154.4  
S0442   -14.5    7.3      46349            56148           300       1.3     137.2  
S0443   17.7     -6.7     47625            64800           300       2.8     73.5   
S0444   -5.0     -7.6     51057            60933           300       2.5     302.5  
S0445   -17.3    8.8      55750            64800           300       2.2     327.1  
S0446   19.2     15.1     32408            45052           300       1.3     245.7  
S0447   13.6     -12.9    37665            49086           300       1.7     142.2  
S0448   16.1     3.4      29129            48789           300       0.7     286.9  
S0449   16.6     10.2     36412            53030           300       1.2     79.5   
S0450   17.3     16.7     30196            50629           300       1.3     336.4  
S0451   0.5      -12.6    39417            60908           300       1.6     120.3  
S0452   -11.7    15.8     41637            51643           300       1.2     192.1  
S0453   -11.1    11.8     51007            64159           300       1.4     220.2  
S0454   -8.0     2.3      38882            60054           300       1.5     313.2  
S0455   -10.3    9.6      27433            47701           300       0.9     60.6   
S0456   -5.4     8.8      45734            64800           300       2.5     334.5  
S0457   16.1     9.5      49199            64800           300       1.0     116.5  
S0458   -18.5    -11.8    48760            56148           300       0.7     180.1  
S0459   4.0      -13.9    22989            42375           300       2.6     213.1  
S0460   4.5      8.3      28132            48664           300       0.7     318.2  
S0461   8.0      8.0      22512            37136           300       2.1     66.9   
S0462   5.1      -17.9    41145            54652           300       2.0     393.9  
S0463   19.2     9.0      30175            49964           300       0.8     312.4  
S0464   16.5     -17.1    43651            57358           300       1.0     384.7  
S0465   -12.8    -16.8    40263            54877           300       1.7     351.8  
S0466   1.6      4.9      55999            64800           300       1.2     76.8   
S0467   -2.9     13.0     27551            44780           300       2.8     298.0  
S0468   7.5      -9.0     41405            54454           300       0.6     205.2  
S0469   13.4     0.2      54395            64800           300       1.8     321.4  
S0470   0.2      17.8     52083            64800           300       0.9     86.2   
S0471   -17.2    5.0      50285            58760           300       1.1     57.3   
S0472   7.2      -16.0    35805            49207           300       1.6     384.5  
S0473   0.6      -8.0     46486            57013           300       1.7     147.2  
S0474   4.3      10.3     54225            64760           300       2.4     367.5  
S0475   18.4     -2.9     34091            47422           300       2.0     244.0  
S0476   3.8      -3.6     57023            64800           300       2.9     133.5  
S0477   -2.6     -20.0    46531            64766           300       1.7     98.0   
S0478   -12.7    8.7      23911            32248           300       2.3     245.9  
S0479   19.9     -9.0     26942            38730           300       1.9     322.1  
S0480   -0.2     -17.6    47027            60036           300       2.5     280.0  
S0481   17.6     1.5      48624            60316           300       3.0     153.5  
S0482   -1.8     3.3      24340            42532           300       1.7     199.5  
S0483   13.5     -17.4    44651            53633           300       2.1     326.3  
S0484   -19.4    2.6      44857            64800           300       2.2     333.2  
S0485   -18.9    11.7     56939            64800           300       1.6     187.0  
S0486   -12.9    7.7      39146            52995           300       2.6     246.4  
S0487   -3.2     2.9      25115            41941           300       2.4     217.5  
S0488   -16.5    18.3     47428            64014           300       1.9     91.1   
S0489   -2.1     8.3      37446            53955           300       0.7     85.2   
S0490   16.1     18.1     41582            58042           300       2.8     374.2  
S0491   10.3     -1.2     26201            45463           300       1.2     282.6  
S0492   -9.8     -8.4     51993            64800           300       2.9     134.2  
S0493   10.6     2.0      37972            49417           300       1.9     378.5  
S0494   19.7     4.0      55732            64800           300       0.5     239.4  
S0495   -12.6    -16.8    40017            58799           300       2.8     351.6  
S0496   3.5      16.5     33262            42033           300       2.1     280.4  
S0497   -3.3     5.7      42443            51966           300       0.9     221.5  
S0498   -9.3     11.9     49606            64800           300       2.4     169.3  
S0499   -16.6    1.0      48752            61763           300       2.3     211.3  
S0500   16.2     -3.2     51436            64800           300       0.7     394.3  
S0501   -11.2    6.8      45826            64800           300       2.7     156.6  
S0502   18.1     18.8     41212            61326           300       1.8     209.2  
S0503   -0.4     14.0     43112            60343           300       0.7     300.0  
S0504   -6.4     7.3      37903            53287           300       1.3     179.4  
S0505   -13.2    6.8      57395            64800           300       2.1     343.5  
S0506   6.8      -6.9     26594            38354           300       0.7     269.8  
S0507   3.4      -17.8    32810            49704           300       1.2     362.6  
S0508   -14.9    18.1     51171            64800           300       2.8     362.6  
S0509   5.5      16.8     52279            64800           300       2.9     364.5  
S0510   -7.4     12.1     47318            64800           300       3.0     300.1  
S0511   -9.0     -16.5    49484            64800           300       2.1     179.3  
S0512   -8.7     -4.7     50151            64800           300       2.9     375.8  
S0513   -6.8     -9.2     55150            64800           300       0.8     50.0   
S0514   -17.9    13.8     44296            63625           300       2.1     233.7  
S0515   1.6      3.4      42594            54569           300       2.7     115.8  
S0516   18.8     6.6      54700            64800           300       0.6     175.3  
S0517   -5.9     14.3     25782            41223           300       0.8     379.7  
S0518   -17.1    -10.6    54523            61839           300       2.5     335.1  
S0519   -14.2    1.4      51655            64800           300       2.4     359.3  
S0520   -6.1     5.8      37011            55866           300       0.6     350.8  
S0521   13.9     11.2     38096            49697           300       0.7     285.1  
S0522   -2.1     -19.7    41504            49174           300       1.6     353.3  
S0523   6.5      -15.6    54643            64800           300       0.5     370.3  
S0524   -7.9     18.6     30388            37829           300       2.2     315.9  
S0525   -1.6     -16.4    38176            46323           300       2.3     123.3  
S0526   -13.9    -13.6    47968            62432           300       1.0     381.9  
S0527   -1.3     6.0      55491            64204           300       1.1     87.3   
S0528   5.2      11.0     55059            64800           300       1.5     243.7  
S0529   13.6     -8.8     48267            63719           300       1.6     395.9  
S0530   -6.9     3.6      45872            60710           300       0.9     360.7  
S0531   1.4      -17.8    57238            64800           300       0.9     366.7  
S0532   -10.9    1.0      35050            45952           300       1.1     312.8  
S0533   17.7     6.4      28089            35905           300       1.7     217.9  
S0534   16.2     19.5     27804            41184           300       0.7     107.5  
S0535   -4.2     20.0     24652            45681           300       1.4     82.4   
S0536   -6.7     5.5      52996            64800           300       2.5     307.8  
S0537   6.8      -16.0    34322            44576           300       2.1     177.6  
S0538   -18.7    -14.9    43518            64065           300       1.5     114.3  
S0539   1.5      18.4     30215            41238           300       0.8     341.9  
S0540   -15.7    7.4      53501            64800           300       2.8     79.7   
S0541   13.1     -15.8    27107            47395           300       2.4     343.9  
S0542   -16.8    -19.0    21989            35225           300       2.9     352.7  
S0543   19.3     -3.2     38539            53749           300       2.4     249.0  
S0544   8.5      -7.5     29797            44718           300       2.9     110.8  
S0545   14.2     6.2      38808            49888           300       2.5     350.3  
S0546   6.1      18.3     40273            59156           300       0.8     141.2  
S0547   -2.4     4.8      57567            64800           300       1.3     160.4  
S0548   1.9      7.5      37788            58098           300       2.1     398.0  
S0549   -15.6    -19.6    50432            64800           300       1.4     131.9  
S0550   8.5      -12.8    28531            38712           300       1.4     294.5  
S0551   6.2      14.2     37707            50810           300       2.1     194.4  
S0552   0.3      11.8     42549            53009           300       0.7     318.9  
S0553   10.4     -1.3     35949            54838           300       2.0     249.7  
S0554   13.2     2.3      38639            57257           300       1.5     345.1  
S0555   -13.2    5.3      49914            64800           300       2.7     247.6  
S0556   18.2     -12.1    38741            58014           300       2.7     172.0  
S0557   -1.1     -16.3    38291            53293           300       1.2     368.7  
S0558   3.3      17.2     38331            47815           300       1.9     100.2  
S0559   6.3      18.3     37143            53381           300       1.5     171.5  
S0560   3.6      -10.8    57586            64800           300       0.7     191.8  
S0561   -13.2    5.3      50151            59033           300       1.2     349.8  
S0562   -5.5     -11.1    55583            64800           300       2.5     180.5  
S0563   -4.0     5.7      25393            46731           300       2.6     395.0  
S0564   1.7      8.9      52182            62672           300       2.8     79.2   
S0565   -17.0    -15.5    23391            40477           300       2.2     277.1  
S0566   -12.6    11.5     35444            52592           300       1.6     167.8  
S0567   -8.1     12.9     37913            51671           300       2.3     158.1  
S0568   13.9     -0.2     42747            62916           300       0.8     102.4  
S0569   -13.2    -16.8    34197            44250           300       1.0     176.3  
S0570   3.6      -3.7     48679            60839           300       2.0     179.4  
S0571   18.2     9.5      32704            49702           300       0.9     138.4  
S0572   15.4     13.5     52142            64800           300       2.8     273.8  
S0573   17.3     -13.0    39813            57260           300       0.9     372.5  
S0574   -4.3     7.6      48085            63295           300       1.5     382.0  
S0575   -17.4    -0.2     49051            64800           300       2.6     119.9  
S0576   0.5      -16.0    21710            40586           300       2.0     285.1  
S0577   18.5     -5.8     48940            58188           300       2.3     103.3  
S0578   16.8     -5.8     24494            41957           300       2.4     253.1  
S0579   -10.3    9.7      36449            47478           300       1.8     300.9  
S0580   -4.4     -6.1     37259            49970           300       0.9     188.5  
S0581   5.5      -11.2    30697            44718           300       2.2     183.5  
S0582   -11.4    -18.2    41844            62912           300       2.4     103.6  
S0583   19.0     -18.0    56361            64127           300       0.6     391.2  
S0584   -3.1     8.8      41929            51794           300       0.6     50.6   
S0585   0.1      13.0     23870            40580           300       1.7     216.2  
S0586   -19.8    12.2     31034            49714           300       3.0     82.8   
S0587   -14.9    -3.6     38094            47965           300       2.3     130.5  
S0588   -7.7     12.4     41212            57817           300       0.9     169.7  
S0589   -1.6     9.8      42509            51831           300       2.2     162.0  
S0590   -6.3     -4.3     27559            45724           300       2.3     397.5  
S0591   7.2      -2.6     24428            33754           300       1.1     147.5  
S0592   19.5     14.3     32843            40373           300       2.9     395.8  
S0593   -14.4    -0.1     29469            39666           300       2.1     359.8  
S0594   -4.1     15.3     53490            64800           300       0.8     346.5  
S0595   -18.9    8.9      35330            49438           300       2.3     296.6  
S0596   -15.4    -18.9    47216            62514           300       2.1     215.4  
S0597   -15.7    -17.7    53204            64800           300       1.5     395.4  
S0598   -3.0     13.7     46661            56990           300       1.6     292.4  
S0599   -10.4    -5.0     57039            64800           300       2.6     77.9   
S0600   11.7     -4.3     28404            42482           300       2.0     72.0   
S0601   4.1      14.5     26811            40907           300       1.5     328.1  
S0602   8.4      -0.6     49276            64514           300       1.1     118.8  
S0603   -16.2    13.0     44983            60956           300       2.3     51.3   
S0604   -2.6     -3.0     45940            60471           300       2.3     274.7  
S0605   4.9      5.5      35999            49222           300       1.3     373.4  
S0606   -12.0    12.8     49093            59987           300       0.9     302.9  
S0607   2.9      -20.0    30941            52303           300       1.0     57.0   
S0608   -14.4    -17.0    39712            50016           300       0.7     114.9  
S0609   -19.1    -2.6     24780            36001           300       1.4     291.0  
S0610   4.0      11.5     39423            50172           300       1.3     219.0  
S0611   11.4     -8.1     47976            64800           300       1.3     394.5  
S0612   11.8     -1.9     24952            44773           300       2.0     355.1  
S0613   -10.6    -5.6     49202            64754           300       1.2     294.6  
S0614   18.6     10.6     36540            52676           300       0.9     280.1  
S0615   18.2     -19.0    36800            53167           300       1.9     198.7  
S0616   18.7     -12.4    50223            64800           300       0.9     75.2   
S0617   14.4     18.4     55586            64800           300       2.7     238.9  
S0618   -14.5    5.3      38625            55344           300       0.7     316.9  
S0619   -12.7    10.9     45999            64800           300       2.5     323.5  
S0620   15.8     -3.7     52266            64800           300       1.2     171.0  
S0621   -13.8    7.0      36335            44945           300       2.8     291.0  
S0622   -19.0    10.5     29218            40893           300       2.8     98.1   
S0623   -14.1    4.3      56578            64800           300       2.9     117.4  
S0624   16.1     17.9     30783            39264           300       2.7     77.0   
S0625   15.4     -4.6     24910            42163           300       0.9     114.6  
S0626   -7.7     18.3     27401            44905           300       3.0     96.8   
S0627   15.2     -14.5    55047            64800           300       1.1     281.4  
S0628   -11.6    -7.0     30872            45669           300       2.2     253.7  
S0629   3.7      -18.8    40216            59092           300       2.1     332.6  
S0630   -17.9    -7.0     45230            57770           300       0.7     217.7  
S0631   18.6     -9.6     22190            33126           300       0.6     53.5   
S0632   -2.3     -6.6     34543            42377           300       2.7     169.5  
S0633   4.5      -16.1    38020            54355           300       0.6     290.4  
S0634   10.9     1.5      32957            44595           300       0.6     166.5  
S0635   -9.1     11.9     52362            64800           300       1.8     60.5   
S0636   -18.0    12.7     24305            44205           300       0.9     231.8  
S0637   0.7      -17.2    30864            41327           300       2.4     162.0  
S0638   1.4      10.0     53620            61172           300       2.5     307.8  
S0639   -4.1     -3.9     43663            56933           300       1.4     262.8  
S0640   0.2      -0.3     42941            58543           300       0.5     72.7   
S0641   13.3     -17.5    26199            43678           300       1.8     382.9  
S0642   -14.7    6.2      37828            57016           300       1.6     233.8  
S0643   2.5      9.6      28596            38482           300       1.8     198.6  
S0644   -2.0     -18.9    55107            64800           300       2.6     227.8  
S0645   17.5     -2.1     28089            36597           300       2.9     98.1   
S0646   10.3     12.7     22925            32103           300       2.4     143.1  
S0647   3.2      -1.9     46287            61482           300       1.5     53.9   
S0648   11.9     13.4     24647            43919           300       1.0     58.1   
S0649   -14.6    11.8     38808            58021           300       1.1     89.1   
S0650   -9.3     0.7      39620            57380           300       1.6     213.0  
S0651   14.8     -3.5     28829            36350           300       3.0     250.3  
S0652   -0.2     -17.2    36445            44020           300       1.8     204.6  
S0653   7.6      -10.1    35767            45594           300       1.0     133.9  
S0654   17.9     7.8      57550            64800           300       2.4     82.5   
S0655   -11.1    0.7      27545            42583           300       0.5     396.2  
S0656   12.3     -0.6     23181            36645           300       1.6     290.7  
S0657   1.9      -6.2     23739            43516           300       2.0     212.0  
S0658   1.8      0.8      32292            40193           300       0.6     211.3  
S0659   -13.1    4.1      37281            55324           300       0.8     347.0  
S0660   17.6     4.9      50062            64800           300       0.6     231.7  
S0661   -17.8    -4.2     49899            63535           300       1.1     92.2   
S0662   2.5      -5.3     50798            59123           300       2.6     270.8  
S0663   -6.9     -15.3    55223            64800           300       2.0     108.4  
S0664   -6.2     9.4      21964            30601           300       2.4     247.5  
S0665   9.6      9.0      48081            56757           300       1.8     383.3  
S0666   18.2     5.6      40138            53178           300       0.9     329.1  
S0667   -17.3    14.9     29275            44464           300       1.1     300.7  
S0668   -9.8     1.7      53731            62468           300       1.9     181.0  
S0669   6.8      0.5      30680            45896           300       0.6     188.2  
S0670   14.2     17.6     33284            53155           300       1.4     245.3  
S0671   -9.8     -0.4     49075            64800           300       1.2     225.2  
S0672   16.6     4.6      55299            64800           300       1.8     264.3  
S0673   -5.7     -2.5     25837            35843           300       0.8     226.6  
S0674   -0.8     4.9      25181            44762           300       1.9     251.3  
S0675   -0.4     -11.2    22533            41277           300       1.4     392.2  
S0676   -2.8     7.6      37676            52670           300       2.4     247.4  
S0677   2.0      -15.6    39808            53592           300       1.7     389.1  
S0678   -13.6    4.6      37254            50023           300       0.9     363.6  
S0679   -0.1     -4.9     35064            46129           300       2.7     76.8   
S0680   -4.9     11.8     54097            64800           300       1.1     350.0  
S0681   -1.5     -17.6    56450            64800           300       2.7     293.8  
S0682   -11.1    8.4      41091            59021           300       2.0     88.5   
S0683   17.1     -19.3    31544            52868           300       2.0     372.5  
S0684   -12.9    -8.5     52471            64800           300       1.3     276.9  
S0685   -11.8    -16.0    25062            37938           300       2.2     195.3  
S0686   3.5      -11.0    48330            64800           300       2.9     258.6  
S0687   9.3      -4.0     56337            64800           300       1.7     203.6  
S0688   6.0      -5.9     34068            44738           300       1.4     247.2  
S0689   -13.4    -18.8    37026            50539           300       2.3     244.2  
S0690   -15.4    -18.2    29219            41757           300       1.6     168.7  
S0691   10.7     -3.8     49841            57610           300       2.7     293.9  
S0692   -4.1     1.7      41010            59424           300       2.3     174.3  
S0693   -14.4    18.7     56397            64800           300       2.1     205.2  
S0694   -19.4    3.0      25127            39610           300       0.8     113.1  
S0695   18.8     -5.2     45096            58533           300       2.8     367.2  
S0696   -2.0     -12.7    38443            55795           300       0.6     251.7  
S0697   14.3     -16.7    54912            64800           300       2.3     221.9  
S0698   -9.2     -17.4    52867            64800           300       3.0     365.5  
S0699   11.0     7.4      23753            37649           300       2.1     224.3  
S0700   19.8     -6.2     55948            64800           300       2.2     248.5  
S0701   -9.7     -14.7    29175            48177           300       2.6     267.0  
S0702   3.6      -18.0    47380            59551           300       1.4     135.4  
S0703   16.5     -13.0    34408            53926           300       2.4     253.4  
S0704   -8.3     -17.6    52756            64763           300       0.7     294.3  
S0705   9.0      19.6     38734            56495           300       1.0     276.6  
S0706   -10.3    -0.7     29194            46850           300       1.6     336.8  
S0707   16.2     -3.6     41467            60700           300       1.7     185.6  
S0708   -2.8     -9.7     55603            64038           300       2.4     90.6   
S0709   16.4     -7.7     29990            50907           300       0.5     302.3  
S0710   -13.6    -14.0    29319            41605           300       2.7     351.6  
S0711   13.0     -16.4    39450            52612           300       2.2     53.0   
S0712   -10.2    4.8      28525            48724           300       2.3     124.1  
S0713   -5.0     2.1      45919            64710           300       1.1     110.8  
S0714   10.7     5.7      31774            48076           300       1.5     385.8  
S0715   15.4     -12.9    28097            38350           300       1.7     345.5  
S0716   4.5      -14.4    26487            44150           300       0.9     269.4  
S0717   6.8      16.7     35037            54939           300       2.6     179.9  
S0718   -8.5     18.8     54774            64800           300       2.0     121.8  
S0719   0.4      4.4      36491            44292           300       1.6     293.8  
S0720   -12.6    12.0     32726            45146           300       1.1     371.0  
S0721   10.9     -19.4    45445            57636           300       2.2     119.9  
S0722   11.9     -3.8     53254            62880           300       2.3     292.7  
S0723   -8.1     -5.1     56278            64800           300       0.8     178.7  
S0724   -19.7    -16.9    46340            59336           300       2.9     363.8  
S0725   -19.0    14.2     43807            64293           300       0.9     350.8  
S0726   11.4     11.8     40664            52895           300       2.5     372.2  
S0727   -10.4    -12.1    50435            64800           300       0.9     381.8  
S0728   0.5      -0.5     38860            49383           300       0.5     151.2  
S0729   14.2     -7.7     50259            63709           300       0.8     235.0  
S0730   14.0     13.1     38024            53128           300       1.2     204.3  
S0731   -15.8    -7.5     40468            55860           300       1.5     300.7  
S0732   -17.9    -0.1     34731            47256           300       1.9     242.5  
S0733   2.8      -14.1    56589            64800           300       0.6     146.1  
S0734   18.9     -9.1     50596            63113           300       0.7     73.3   
S0735   7.1      2.0      39662            55664           300       2.8     300.7  
S0736   4.8      -4.4     44143            62615           300       0.8     268.3  
S0737   -0.7     13.2     39931            58115           300       1.1     160.9  
S0738   19.8     -10.2    44747            62415           300       1.5     55.6   
S0739   13.5     3.4      47830            61326           300       0.9     266.6  
S0740   -9.6     5.6      35961            54399           300       2.9     384.1  
S0741   -2.5     -7.5     25003            39710           300       1.0     176.1  
S0742   -18.7    14.8     53648            63393           300       1.3     281.7  
S0743   -12.9    -10.7    28918            41796           300       2.1     204.0  
S0744   1.6      -2.6     39708            52645           300       3.0     149.9  
S0745   4.1      6.0      43567            56841           300       0.6     141.9  
S0746   -18.8    4.2      22486            40898           300       1.7     383.6  
S0747   14.9     0.9      39926            50299           300       0.6     62.1   
S0748   4.7      9.4      45981            56538           300       2.3     274.0  
S0749   19.7     -0.8     40059            47700           300       1.8     304.8  
S0750   -12.6    3.6      54578            64800           300       2.0     102.1  
S0751   -19.5    12.0     24933            40067           300       2.6     72.2   
S0752   2.3      -13.6    33938            47947           300       1.2     196.4  
S0753   11.9     -5.6     43267            55268           300       0.7     74.2   
S0754   4.7      -15.9    23278            34121           300       0.9     134.5  
S0755   2.8      -17.2    28752            37152           300       2.0     154.0  
S0756   -14.2    3.1      36965            55683           300       1.0     296.5  
S0757   -17.6    2.0      55295            64800           300       1.6     164.8  
S0758   3.2      -15.3    27426            42274           300       1.8     160.4  
S0759   -5.8     11.8     45351            64800           300       0.6     294.9  
S0760   9.7      17.4     30128            41413           300       2.2     306.6  
S0761   2.9      18.1     30536            44772           300       1.4     122.4  
S0762   -1.0     -1.1     43194            61264           300       1.0     98.9   
S0763   -14.5    1.6      33628            41884           300       2.0     303.7  
S0764   9.1      -5.4     52576            64800           300       2.7     382.0  
S0765   -11.3    19.0     34714            55185           300       1.8     161.4  
S0766   -16.0    16.1     30804            51745           300       0.7     219.5  
S0767   -15.3    -12.6    36517            46390           300       1.0     275.6  
S0768   6.5      18.1     33108            41710           300       0.6     133.1  
S0769   -16.6    -2.9     40626            48478           300       1.9     133.9  
S0770   16.0     0.5      32545            49059           300       1.6     399.9  
S0771   0.9      18.9     47959            60470           300       2.0     234.9  
S0772   3.2      17.8     48700            64800           300       1.7     305.2  
S0773   15.9     17.3     54415            64800           300       2.3     305.0  
S0774   -1.2     13.1     45377            53050           300       2.5     55.4   
S0775   19.3     -13.5    41962            50030           300       2.0     294.5  
S0776   10.6     -6.7     43741            54784           300       2.3     55.7   
S0777   -14.3    -18.0    48754            64800           300       2.9     133.4  
S0778   -13.8    6.4      29097            41932           300       1.2     145.2  
S0779   8.4      -15.1    28665            40525           300       2.6     83.4   
S0780   18.4     15.6     55209            64800           300       1.1     316.2  
S0781   -6.2     17.8     41120            48412           300       2.5     247.6  
S0782   -3.5     -1.1     57407            64800           300       0.8     198.0  
S0783   -13.1    -6.2     22817            35391           300       1.6     400.0  
S0784   -14.3    12.7     56104            64800           300       2.4     201.7  
S0785   6.5      -2.7     39740            47019           300       2.8     66.4   
S0786   3.0      9.4      22681            36918           300       2.7     93.5   
S0787   -12.5    -9.2     46879            63304           300       2.8     396.7  
S0788   -19.9    -19.8    49236            64800           300       2.5     177.6  
S0789   7.1      -8.7     24911            37529           300       3.0     135.4  
S0790   7.4      -14.2    43747            55554           300       1.9     281.0  
S0791   13.0     13.7     39828            47436           300       2.5     341.8  
S0792   7.8      13.6     40086            59693           300       2.1     175.9  
S0793   19.4     14.6     24353            45284           300       2.9     198.9  
S0794   -4.8     -15.0    31799            50541           300       0.5     169.4  
S0795   0.4      -4.9     37249            57863           300       0.9     136.4  
S0796   10.7     -11.9    29227            40979           300       1.4     363.7  
S0797   3.5      5.9      37183            48170           300       1.7     229.1  
S0798   -10.1    -13.5    29061            39848           300       0.6     178.9  
S0799   -17.7    7.3      29325            46551           300       1.9     90.0   
S0800   16.8     18.7     23203            44734           300       2.1     153.8  
S0801   5.9      2.5      47605            58850           300       1.0     168.1  
S0802   1.5      -17.1    51978            64800           300       0.8     203.1  
S0803   -13.4    -7.5     32508            52271           300       2.3     323.4  
S0804   15.5     14.4     43966            60423           300       0.8     170.2  
S0805   -2.7     18.8     27666            37537           300       1.2     129.2  
S0806   19.0     -17.8    52219            64800           300       2.4     101.5  
S0807   -19.7    2.9      41111            49092           300       2.0     227.3  
S0808   12.5     -18.7    41039            52772           300       2.8     227.5  
S0809   2.1      11.5     34825            43001           300       2.0     364.1  
S0810   -11.4    12.8     36185            46797           300       2.8     105.1  
S0811   -11.1    -14.9    45865            60483           300       1.2     57.2   
S0812   -3.8     -17.2    36347            53927           300       1.0     164.9  
S0813   10.7     -4.7     30060            37364           300       2.3     283.5  
S0814   1.6      7.7      23643            35884           300       2.5     99.3   
S0815   0.2      -18.9    37725            51829           300       0.9     185.9  
S0816   4.6      -3.3     25080            44603           300       0.9     230.6  
S0817   6.8      19.0     47504            59131           300       1.3     314.3  
S0818   4.7      9.7      32393            43467           300       2.9     325.2  
S0819   -1.8     6.0      43715            54276           300       1.1     73.3   
S0820   7.8      -3.0     52880            64800           300       1.6     53.6   
S0821   2.2      4.9      23117            35986           300       1.2     136.6  
S0822   -1.5     0.3      39580            48992           300       1.8     222.6  
S0823   -14.9    -9.5     26186            42992           300       2.4     88.9   
S0824   -3.3     -8.0     31069            38558           300       0.5     257.5  
S0825   5.5      -7.0     40349            50427           300       1.1     376.4  
S0826   -9.3     11.2     56801            64800           300       2.2     382.7  
S0827   15.1     13.8     31524            39863           300       0.5     393.0  
S0828   1.5      -10.9    25932            38866           300       2.1     265.8  
S0829   3.0      -1.3     44442            54961           300       2.7     326.5  
S0830   -2.1     -8.7     53461            64800           300       2.1     215.8  
S0831   11.7     -0.9     40422            61748           300       2.1     144.4  
S0832   13.3     14.9     21660            40551           300       2.1     79.4   
S0833   17.4     0.7      48866            64205           300       2.7     182.7  
S0834   -19.2    10.5     34792            49338           300       2.8     341.7  
S0835   17.7     8.3      53191            64800           300       2.7     57.6   
S0836   10.5     -9.3     35966            45046           300       2.9     260.4  
S0837   13.7     18.8     45652            64707           300       1.4     311.8  
S0838   -1.2     -11.3    40508            59143           300       2.0     163.8  
S0839   -13.7    -5.6     42974            63750           300       1.8     376.5  
S0840   -10.8    11.2     44308            56403           300       2.8     296.0  
S0841   1.4      -0.6     23346            31364           300       1.2     320.8  
S0842   -5.2     -1.9     32421            41635           300       0.5     392.0  
S0843   12.9     6.8      35174            46172           300       2.1     374.5  
S0844   -18.8    2.8      56979            64800           300       1.0     280.5  
S0845   -19.9    2.6      41407            55067           300       1.8     58.7   
S0846   -9.6     -11.4    27463            38510           300       1.9     96.1   
S0847   -1.5     17.8     24923            45641           300       1.3     65.8   
S0848   -8.4     -6.6     37763            51674           300       0.6     100.1  
S0849   -15.2    -3.2     42143            52945           300       2.3     167.4  
S0850   14.3     -4.5     49053            60100           300       2.8     86.4   
S0851   -0.0     10.2     43836            60532           300       1.2     242.5  
S0852   5.5      10.4     31515            40155           300       1.5     81.7   
S0853   19.9     -7.1     47835            56492           300       2.6     149.0  
S0854   -15.0    4.7      26126            36316           300       2.9     140.3  
S0855   4.5      -12.3    31177            49152           300       2.1     210.2  
S0856   13.7     -10.0    28167            40121           300       2.3     270.6  
S0857   -7.0     -2.9     39132            50154           300       1.6     282.5  
S0858   4.4      14.0     29655            43370           300       2.8     269.8  
S0859   4.6      19.0     55619            64800           300       2.5     209.2  
S0860   -1.9     17.0     50852            64800           300       1.3     139.8  
S0861   1.6      17.2     39405            53129           300       1.1     359.6  
S0862   -8.1     12.7     32966            44125           300       0.7     107.7  
S0863   3.4      15.4     47537            54893           300       2.0     151.8  
S0864   -10.5    16.7     48192            64800           300       1.5     144.8  
S0865   4.9      0.7      39227            58368           300       1.3     359.4  
S0866   -6.7     2.9      45530            61439           300       2.4     324.0  
S0867   -8.8     8.0      35607            55232           300       1.2     152.1  
S0868   -5.9     -15.1    28220            47446           300       2.3     85.8   
S0869   -15.5    -13.1    44982            61669           300       2.6     352.9  
S0870   -12.0    -0.7     24998            35802           300       1.3     275.9  
S0871   0.9      8.9      48958            64800           300       1.8     256.9  
S0872   9.9      0.3      47307            64800           300       2.5     161.2  
S0873   8.9      14.3     40559            58567           300       2.0     261.8  
S0874   -8.7     18.4     28748            49390           300       2.3     240.2  
S0875   -6.9     -19.8    35536            56088           300       1.1     62.2   
S0876   10.3     17.9     50482            61882           300       0.6     50.1   
S0877   3.1      19.9     52537            64800           300       2.6     252.7  
S0878   -6.5     -6.5     37412            47070           300       1.3     325.7  
S0879   -18.1    8.5      39034            59127           300       2.5     219.7  
S0880   8.4      -4.1     31399            39218           300       2.5     297.9  
S0881   7.0      -1.8     42186            57905           300       1.0     216.1  
S0882   -18.1    19.1     39861            50980           300       1.5     318.7  
S0883   6.6      -11.8    45386            63863           300       2.2     195.8  
S0884   -14.2    11.1     49108            57597           300       1.5     187.0  
S0885   4.5      -3.1     23800            43141           300       2.1     368.1  
S0886   9.0      7.8      37656            53814           300       1.6     124.5  
S0887   7.2      -10.3    43921            52571           300       1.9     150.8  
S0888   -2.6     8.6      26963            38302           300       2.6     223.6  
S0889   -18.4    7.8      30942            43025           300       1.4     168.2  
S0890   -12.9    18.3     43833            53897           300       1.7     130.5  
S0891   10.3     -16.4    31168            42432           300       1.8     98.9   
S0892   6.1      4.0      47377            64800           300       0.6     389.0  
S0893   1.0      15.1     45655            60272           300       1.8     118.1  
S0894   -19.0    -10.7    27190            40171           300       1.4     185.9  
S0895   -4.4     -3.4     22572            31329           300       2.6     147.7  
S0896   -16.5    19.6     51405            64800           300       2.8     60.8   
S0897   11.1     -3.3     48831            64800           300       2.4     146.8  
S0898   17.4     20.0     27136            40745           300       3.0     217.1  
S0899   -5.6     4.1      55564            64800           300       1.0     295.1  
S0900   -15.4    3.0      45496            59720           300       2.4     185.6  
S0901   -12.3    10.0     31735            39974           300       1.2     142.5  
S0902   13.6     7.2      48023            60105           300       2.4     74.1   
S0903   6.9      1.5      50903            64800           300       0.7     82.0   
S0904   -18.2    -11.1    36756            49548           300       2.7     53.7   
S0905   10.0     -1.4     41790            60577           300       2.9     66.5   
S0906   11.1     7.8      40304            58864           300       1.1     288.4  
S0907   -18.2    16.4     26247            38329           300       2.5     365.1  
S0908   -13.1    8.7      49334            58694           300       0.9     310.4  
S0909   -13.4    -11.7    27578            47001           300       1.6     126.2  
S0910   12.0     -4.5     24945            46300           300       1.7     107.9  
S0911   6.6      14.6     39226            46626           300       2.3     376.0  
S0912   -1.0     13.6     29702            48709           300       3.0     315.2  
S0913   19.9     13.8     24719            42487           300       1.2     289.3  
S0914   -7.3     -6.0     42225            55017           300       0.6     368.6  
S0915   -13.7    -13.9    38446            58991           300       1.8     185.6  
S0916   -7.4     -6.1     48315            64800           300       1.6     157.5  
S0917   -12.0    3.7      43076            55134           300       2.6     350.3  
S0918   -3.5     -19.6    42265            50157           300       2.0     257.6  
S0919   -12.0    18.6     28290            37634           300       2.9     78.8   
S0920   -16.2    -5.8     21729            39692           300       1.9     169.5  
S0921   -14.3    19.0     41764            63248           300       2.9     151.4  
S0922   13.0     19.1     54311            61629           300       2.0     226.0  
S0923   -11.7    -6.6     50298            60827           300       0.5     329.4  
S0924   17.3     -12.0    29365            49054           300       0.9     136.0  
S0925   8.9      16.3     25624            44807           300       1.8     368.4  
S0926   12.7     8.7      28295            40776           300       0.9     363.7  
S0927   13.4     -7.6     43193            59922           300       1.1     188.9  
S0928   -4.2     9.1      55781            64800           300       1.4     191.9  
S0929   4.6      6.4      53870            64800           300       2.0     150.7  
S0930   4.3      6.4      51354            60249           300       0.8     211.2  
S0931   14.9     -16.5    48678            56255           300       2.3     169.2  
S0932   12.1     -6.6     54290            64800           300       0.6     166.8  
S0933   -19.2    -9.2     53430            64800           300       2.8     199.2  
S0934   15.7     6.5      40881            58072           300       2.4     297.5  
S0935   -12.3    19.1     51272            60178           300       1.0     308.8  
S0936   10.8     7.2      49519            57656           300       2.6     334.7  
S0937   2.7      8.9      42081            61747           300       1.3     274.5  
S0938   10.3     -14.9    25713            40488           300       1.1     65.0   
S0939   -16.5    -6.9     39628            53725           300       1.6     363.4  
S0940   2.9      -9.1     30625            42101           300       1.1     357.7  
S0941   -13.7    -8.6     26691            34321           300       0.7     58.8   
S0942   -4.8     7.6      39886            52904           300       2.5     166.1  
S0943   -11.1    2.2      31900            48105           300       2.4     253.5  
S0944   -7.4     0.9      45631            55441           300       2.0     218.3  
S0945   4.4      -0.1     36624            52710           300       2.1     339.6  
S0946   -15.0    4.5      41841            61268           300       2.2     395.2  
S0947   16.7     19.9     47495            63899           300       0.9     390.1  
S0948   -15.3    17.3     30769            41525           300       0.7     175.9  
S0949   16.3     9.2      46240            64800           300       2.4     346.2  
S0950   17.8     -3.1     41875            59234           300       2.3     57.3   
S0951   -12.7    4.3      22909            40630           300       0.5     123.4  
S0952   -8.5     -10.4    25938            35526           300       2.8     399.4  
S0953   12.0     2.6      49516            64800           300       1.2     249.4  
S0954   1.4      -6.8     50209            64800           300       2.3     58.4   
S0955   -12.5    -3.1     36593            55161           300       2.5     83.2   
S0956   16.3     -5.5     54095            64800           300       1.7     225.7  
S0957   -12.5    -18.4    31568            46094           300       0.8     183.6  
S0958   -5.0     -9.3     45304            52563           300       3.0     302.2  
S0959   -1.8     -6.0     49431            58526           300       1.9     138.7  
S0960   -1.9     13.6     57447            64800           300       1.2     371.0  
S0961   -0.1     -2.1     46920            64800           300       2.1     263.3  
S0962   2.0      -14.4    25672            43343           300       1.6     271.2  
S0963   -18.1    -19.5    44869            55292           300       1.9     211.5  
S0964   8.2      -7.8     24938            33953           300       2.0     330.0  
S0965   12.3     -3.0     33077            53735           300       2.0     248.1  
S0966   -7.6     18.9     49171            64800           300       2.9     175.7  
S0967   -0.4     -5.5     28020            47556           300       2.7     220.6  
S0968   12.4     -9.2     35741            43245           300       1.7     332.6  
S0969   19.3     -13.9    23127            44446           300       1.6     60.2   
S0970   -6.0     -9.4     31533            52629           300       3.0     112.8  
S0971   18.2     -9.6     47901            58405           300       1.6     379.4  
S0972   -9.8     -17.1    36594            46693           300       0.9     296.4  
S0973   0.6      6.2      31314            39383           300       1.8     321.7  
S0974   -11.8    9.9      47387            64800           300       2.3     387.4  
S0975   -0.2     -1.6     28862            38858           300       2.6     91.0   
S0976   -2.4     -3.6     23089            43414           300       2.7     207.4  
S0977   -19.3    11.2     32364            42620           300       1.6     365.4  
S0978   0.0      -15.5    53813            64800           300       2.8     366.5  
S0979   10.8     -6.9     24308            38585           300       0.6     316.5  
S0980   11.3     -6.6     43348            58891           300       2.5     389.2  
S0981   5.5      12.8     23178            37616           300       2.7     271.3  
S0982   -2.4     -15.2    37509            51637           300       1.5     108.7  
S0983   7.4      -16.2    52417            60053           300       1.0     51.8   
S0984   -2.0     15.0     45924            53927           300       0.9     322.4  
S0985   7.1      3.6      27991            49011           300       2.4     147.4  
S0986   7.8      1.2      40808            58088           300       1.9     188.3  
S0987   17.3     7.3      25189            33659           300       1.0     208.2  
S0988   -1.8     9.4      25567            37006           300       0.9     367.6  
S0989   12.2     5.1      25919            38628           300       1.6     311.4  
S0990   9.6      -19.5    45225            64800           300       1.0     363.7  
S0991   -13.3    16.6     46854            64102           300       2.9     240.5  
S0992   -8.9     8.3      22387            31003           300       2.3     202.2  
S0993   -13.2    -12.0    39246            52826           300       1.0     329.2  
S0994   9.5      -15.7    44843            56779           300       1.6     225.9  
S0995   16.2     0.4      53193            64800           300       1.4     359.5  
S0996   -14.3    -2.5     48513            64800           300       2.6     233.3  
S0997   2.3      -19.4    22259            35112           300       0.9     335.0  
S0998   -5.1     8.2      50237            64800           300       1.7     153.8  
S0999   13.1     -8.6     43192            50689           300       2.3     96.9   
S1000   12.6     -12.7    41500            52236           300       1.4     67.2   
S1001   -0.2     15.4     44320            57471           300       0.6     196.6  
S1002   -6.6     -6.8     53733            64800           300       1.1     348.9  
S1003   -5.7     16.7     34044            50481           300       1.7     220.8  
S1004   -16.4    -16.6    49257            62391           300       0.6     323.3  
S1005   14.1     -14.8    33865            41197           300       0.6     290.2  
S1006   9.9      8.0      34616            51625           300       1.8     119.3  
S1007   9.5      19.0     38082            51657           300       2.0     214.0  
S1008   -15.5    -9.4     43070            51093           300       0.7     262.9  
S1009   -16.5    -16.5    49282            64800           300       1.8     71.0   
S1010   0.3      6.9      30909            41114           300       1.9     191.2  
S1011   12.3     -14.1    52951            64800           300       1.3     391.3  
S1012   -4.0     7.9      25477            44466           300       2.5     216.3  
S1013   7.9      -19.2    56932            64800           300       1.5     164.6  
S1014   -5.0     5.8      50416            64800           300       2.0     282.7  
S1015   19.9     -8.8     53293            64800           300       3.0     82.8   
S1016   5.6      -0.8     24633            43060           300       1.1     234.5  
S1017   14.4     5.1      44518            62777           300       2.1     105.9  
S1018   5.5      19.1     43418            62590           300       1.4     289.6  
S1019   5.8      -7.8     38134            45792           300       2.3     104.5  
S1020   -4.6     0.9      43877            53656           300       1.0     214.5  
S1021   0.2      0.4      39141            47722           300       1.2     329.3  
S1022   -5.8     11.3     52731            64114           300       2.5     202.3  
S1023   -19.4    -9.3     23590            38954           300       2.8     378.1  
S1024   -6.6     -10.9    42153            58111           300       0.7     150.4  
S1025   -9.1     -10.2    38494            50227           300       2.2     199.3  
S1026   0.2      6.5      53889            64800           300       2.0     294.6  
S1027   10.7     -7.5     35347            56561           300       0.8     285.6  
S1028   -12.4    15.0     22517            38689           300       2.3     142.7  
S1029   14.5     -14.2    53712            64800           300       2.7     278.5  
S1030   12.9     6.4      41392            62710           300       0.8     155.3  
S1031   4.7      18.8     21973            33385           300       3.0     320.9  
S1032   18.7     12.1     29070            45141           300       1.1     311.8  
S1033   -6.7     -3.0     36925            54138           300       1.6     155.3  
S1034   11.9     6.4      31258            43153           300       2.3     264.4  
S1035   -8.3     -15.6    53896            64800           300       1.1     311.5  
S1036   -7.7     -1.4     22534            37834           300       2.4     101.2  
S1037   11.4     -12.4    23399            44340           300       2.9     192.1  
S1038   -19.9    -18.7    46245            63229           300       1.2     304.7  
S1039   0.8      5.2      53094            64800           300       2.1     339.3  
S1040   -0.5     5.2      45638            58447           300       2.4     228.6  
S1041   6.6      6.4      30036            51135           300       1.2     363.9  
S1042   18.7     -16.9    45802            64087           300       2.4     290.4  
S1043   -18.8    -7.1     31439            48466           300       0.8     138.3  
S1044   11.6     10.0     55333            64800           300       2.8     192.6  
S1045   8.3      -19.3    51724            64800           300       0.5     384.3  
S1046   14.0     -14.0    46578            54100           300       2.3     142.8  
S1047   -18.1    -3.6     55651            64800           300       0.9     387.9  
S1048   -3.3     0.7      36047            49161           300       1.8     373.8  
S1049   -17.9    4.0      46072            60119           300       2.1     204.8  
S1050   -2.9     20.0     24409            32746           300       1.1     91.7   
S1051   7.7      15.3     42084            57865           300       1.9     299.7  
