//ID    X        Y        EarlyStart(s)    LateStart(s)    Svc(s)    Vol(m3) Wgt(kg)
//--------------------------------------------------------------------------------------
S0001   -18.4    15.9     38453            58695           300       2.2     164.1  
S0002   5.9      -12.0    24602            45772           300       0.5     140.2  
S0003   9.7      -11.8    31395            48650           300       2.8     358.6  
S0004   -6.7     16.4     46649            56094           300       1.6     314.1  
S0005   1.2      18.2     55170            64800           300       1.7     160.3  
S0006   9.4      -16.2    35251            47490           300       3.0     236.4  
S0007   0.9      11.4     31750            42251           300       2.9     268.2  
S0008   14.0     -0.5     56017            64800           300       2.3     332.3  
S0009   7.3      9.4      45071            61074           300       0.6     64.2   
S0010   -19.4    -11.5    47945            60328           300       1.8     65.7   
S0011   -10.1    -13.5    45016            64800           300       1.2     150.0  
S0012   0.3      -10.0    26873            44531           300       2.2     61.7   
S0013   -13.9    -18.7    23708            42060           300       2.3     359.0  
S0014   2.7      16.3     40934            51169           300       2.2     356.4  
S0015   6.5      -11.3    31587            50111           300       1.0     203.6  
S0016   13.7     16.9     38670            55721           300       0.8     175.3  
S0017   10.2     -6.2     40843            51740           300       1.1     356.3  
S0018   1.3      -19.6    32519            44304           300       1.4     150.1  
S0019   -19.3    -8.5     52530            64655           300       1.2     154.9  
S0020   -0.3     -18.5    49371            62490           300       1.7     189.9  
S0021   8.7      12.4     54080            64800           300       0.7     207.1  
S0022   13.6     -15.1    54429            64800           300       2.1     336.8  
S0023   -2.6     6.6      45618            56784           300       2.6     356.8  
S0024   -1.7     16.7     53347            64800           300       1.6     79.6   
S0025   -19.6    -9.2     57250            64800           300       1.3     197.2  
S0026   -13.3    15.4     55942            64800           300       2.3     260.7  
S0027   -6.2     -1.6     26611            47606           300       2.5     72.6   
S0028   2.9      -13.4    52694            61312           300       1.8     83.7   
S0029   -18.7    9.9      43706            62824           300       0.6     181.9  
S0030   8.2      16.1     49078            64800           300       0.7     301.3  
S0031   15.9     -6.5     40646            60178           300       2.7     63.5   
S0032   -9.1     -0.5     48311            64800           300       2.7     79.6   
S0033   18.9     -3.3     47984            64800           300       2.4     392.4  
S0034   10.0     13.4     37170            51861           300       1.3     191.4  
S0035   -19.9    -12.0    27326            40463           300       2.3     307.5  
S0036   -14.7    15.5     28670            47691           300       1.5     92.1   
S0037   6.2      3.2      47218            60014           300       2.3     213.7  
S0038   -19.6    -18.7    51281            64800           300       2.7     164.6  
S0039   -17.3    0.2      23473            44791           300       1.3     245.8  
S0040   -0.1     12.2     48306            64800           300       0.7     261.0  
S0041   4.3      -6.2     49935            64800           300       2.8     344.7  
S0042   -8.9     7.5      37243            51975           300       2.2     189.9  
S0043   -14.9    9.2      39638            53134           300       2.5     293.8  
S0044   -8.5     15.4     30956            41547           300       1.1     305.0  
S0045   -5.4     -3.3     28629            49237           300       0.9     304.5  
S0046   -7.0     -14.6    30251            41316           300       1.4     193.9  
S0047   -6.4     0.2      27878            42163           300       2.5     253.0  
S0048   -16.3    -4.4     44760            61285           300       0.7     276.4  
S0049   6.9      14.2     35801            51137           300       2.3     392.5  
S0050   17.6     -3.0     35982            51058           300       3.0     141.4  
S0051   -16.2    -17.5    32221            51684           300       2.9     89.5   
S0052   14.1     -12.3    43701            61480           300       2.7     275.7  
S0053   -0.9     10.9     42125            59584           300       1.7     197.7  
S0054   2.1      6.0      32003            52046           300       0.8     302.0  
S0055   -9.2     15.4     44375            61785           300       2.6     128.9  
S0056   8.1      -2.5     32210            46398           300       2.1     66.2   
S0057   -19.5    5.8      33640            43304           300       2.1     381.8  
S0058   -11.4    15.7     29435            44017           300       2.4     206.4  
S0059   -14.2    18.6     32245            53542           300       1.0     125.3  
S0060   -16.3    6.6      41808            62925           300       2.6     55.7   
S0061   -10.6    -6.3     46083            57263           300       2.6     183.0  
S0062   6.2      13.4     38968            59505           300       2.2     213.3  
S0063   2.6      6.1      26615            35291           300       2.0     87.9   
S0064   15.0     -12.8    36741            55708           300       2.9     97.5   
S0065   -10.7    -19.8    56088            64800           300       2.4     98.1   
S0066   5.7      -11.7    33616            48064           300       2.4     195.8  
S0067   12.4     11.2     32737            48101           300       1.5     386.3  
S0068   15.3     18.9     34996            52487           300       2.4     199.3  
S0069   16.4     6.8      37987            54727           300       1.1     310.2  
S0070   -11.4    -8.4     30600            48265           300       1.4     277.9  
S0071   -0.6     11.4     43448            53452           300       2.5     267.3  
S0072   -3.1     -8.1     28631            44748           300       2.8     219.2  
S0073   -2.5     12.1     56163            64800           300       2.6     275.3  
S0074   -13.3    4.2      39387            56888           300       1.3     303.7  
S0075   -4.8     -1.4     33827            48405           300       1.7     388.0  
S0076   -9.2     -8.1     52823            64800           300       1.6     228.6  
S0077   -1.9     -17.3    30872            48139           300       0.9     269.7  
S0078   12.2     12.3     26578            47249           300       1.5     350.1  
S0079   -19.5    -3.5     51404            64800           300       2.6     64.8   
S0080   18.2     11.0     50512            59480           300       2.8     169.2  
S0081   -18.7    -11.4    41603            63081           300       2.0     186.6  
S0082   -15.2    1.3      28683            46645           300       2.9     306.6  
S0083   17.1     -5.7     24447            34954           300       1.3     347.9  
S0084   2.5      -11.4    57199            64800           300       1.5     390.1  
S0085   9.0      -4.9     38570            59709           300       1.9     190.1  
S0086   -2.0     1.6      53780            64800           300       2.5     182.7  
S0087   -2.3     -4.7     22087            38473           300       1.6     304.0  
S0088   15.2     9.3      38645            47340           300       0.9     310.5  
S0089   10.5     -19.4    49555            63872           300       2.8     156.3  
S0090   -10.3    -11.5    42382            56819           300       0.7     375.2  
S0091   8.0      0.2      55925            64800           300       2.2     190.8  
S0092   -5.0     -2.3     36531            44538           300       2.4     70.9   
S0093   8.5      -1.1     33510            46530           300       2.3     235.2  
S0094   4.5      10.4     22444            31194           300       2.1     326.5  
S0095   -7.9     -15.9    56443            64800           300       2.4     360.2  
S0096   -2.5     -16.3    40846            59922           300       2.7     203.5  
S0097   -1.9     -8.0     47374            64800           300       2.7     273.1  
S0098   -5.7     19.9     52691            62923           300       1.2     81.4   
S0099   13.4     2.8      28266            43081           300       1.8     112.9  
S0100   -6.2     -1.9     33498            45233           300       1.3     329.1  
S0101   -10.4    3.1      49110            64476           300       1.3     124.2  
S0102   -0.5     10.3     52538            64800           300       2.9     163.1  
S0103   8.7      13.7     29785            50600           300       0.7     316.8  
S0104   2.3      -13.6    49760            64800           300       0.7     67.7   
S0105   -12.8    19.9     36813            55107           300       1.7     319.7  
S0106   0.6      -11.0    25801            35322           300       1.3     322.1  
S0107   9.9      6.1      33535            46939           300       1.1     218.7  
S0108   -4.0     -16.0    26554            40180           300       1.9     232.2  
S0109   -17.8    12.2     39491            47276           300       1.1     135.3  
S0110   2.6      3.8      32379            52327           300       1.8     284.3  
S0111   5.9      18.1     54998            64676           300       1.9     107.1  
S0112   3.4      -2.0     35891            53281           300       1.0     116.6  
S0113   11.5     3.1      28747            41973           300       0.8     74.1   
S0114   11.4     -4.0     48925            64800           300       2.1     368.1  
S0115   4.6      1.3      38008            52222           300       2.4     329.8  
S0116   11.3     10.9     41321            55723           300       2.1     231.9  
S0117   -5.8     -1.0     27001            41656           300       1.4     338.5  
S0118   8.7      11.8     50127            62162           300       1.5     71.6   
S0119   5.0      4.5      39842            51745           300       2.9     287.9  
S0120   -11.7    -7.5     56108            64800           300       1.4     190.5  
S0121   -19.8    9.0      33860            42668           300       0.7     271.7  
S0122   -19.7    17.3     30239            40454           300       2.1     183.7  
S0123   13.2     -12.0    29717            42531           300       2.2     105.3  
S0124   -10.7    10.0     30270            47268           300       0.7     345.9  
S0125   -16.5    -14.0    56546            64800           300       0.7     145.4  
S0126   -8.5     -12.4    48723            64800           300       1.2     314.4  
S0127   14.9     -16.0    38226            45684           300       1.2     75.3   
S0128   -16.9    -9.4     36787            45469           300       1.3     99.4   
S0129   2.9      18.9     32368            47368           300       0.9     58.9   
S0130   -13.8    9.8      44957            59833           300       1.3     50.5   
S0131   -6.1     5.6      53083            64800           300       2.0     398.7  
S0132   -18.7    8.5      46672            53961           300       1.0     249.0  
S0133   4.5      -3.2     36681            45387           300       1.2     345.2  
S0134   16.5     -1.8     46822            59543           300       0.6     144.8  
S0135   19.1     8.8      42454            54956           300       0.6     263.2  
S0136   19.9     -19.8    38541            55811           300       0.5     124.0  
S0137   -14.5    0.2      29612            40305           300       2.5     153.1  
S0138   -15.0    -2.6     44581            64654           300       1.6     116.8  
S0139   -9.4     -10.1    24267            39650           300       1.7     213.7  
S0140   13.0     6.1      55861            64800           300       1.3     68.2   
S0141   1.2      14.3     35256            52025           300       2.0     89.5   
S0142   -16.0    -14.6    43431            56328           300       2.8     53.3   
S0143   0.2      12.8     41218            54752           300       0.8     179.5  
S0144   6.3      1.5      53762            64800           300       2.8     162.7  
S0145   12.8     6.9      55184            64800           300       2.7     363.2  
S0146   -14.6    15.7     56038            63777           300       1.5     129.6  
S0147   -15.1    -4.8     34888            46627           300       1.9     160.9  
S0148   -5.5     3.2      57507            64800           300       2.0     61.6   
S0149   12.4     9.5      57593            64800           300       0.9     271.6  
S0150   9.7      -14.5    32371            44058           300       2.3     87.0   
S0151   -13.2    3.5      53929            64800           300       1.4     327.4  
S0152   -9.0     17.6     51288            64800           300       2.4     296.4  
S0153   7.9      14.9     22393            32266           300       0.5     162.2  
S0154   -19.3    -0.2     55215            64800           300       2.8     397.6  
S0155   8.0      15.0     29204            37649           300       2.2     302.3  
S0156   6.2      12.3     23409            42923           300       1.4     248.7  
S0157   0.0      -4.7     46008            64076           300       0.8     336.8  
S0158   -14.9    18.6     47403            55115           300       2.9     271.6  
S0159   0.1      1.1      23260            30819           300       1.9     389.8  
S0160   6.1      4.4      39924            54557           300       2.4     385.3  
S0161   6.2      15.0     54848            63906           300       2.1     239.9  
S0162   -16.5    -8.9     43885            55529           300       0.5     215.4  
S0163   -7.6     1.7      22451            37187           300       1.1     309.6  
S0164   -14.0    7.4      31734            44366           300       2.6     97.5   
S0165   5.2      -10.2    41886            60759           300       1.0     144.1  
S0166   -15.5    -9.8     37836            55124           300       2.3     232.3  
S0167   -14.9    13.2     31982            47480           300       1.8     219.7  
S0168   -1.0     -17.0    37695            45112           300       0.9     244.9  
S0169   -8.0     11.1     42303            52240           300       1.6     252.4  
S0170   -4.2     10.2     43440            62741           300       0.6     222.6  
S0171   16.5     19.6     38213            53832           300       1.8     149.8  
S0172   16.4     -16.9    50856            60243           300       2.3     210.5  
S0173   -15.0    -16.0    39414            50002           300       2.6     392.3  
S0174   -0.1     -6.8     23284            35889           300       2.0     329.8  
S0175   -18.0    -19.3    49906            64800           300       2.5     320.7  
S0176   15.3     8.7      37758            49843           300       2.9     287.8  
S0177   15.5     -16.9    44274            52408           300       1.3     322.1  
S0178   1.1      -10.7    49989            64800           300       1.8     204.9  
S0179   0.1      -8.6     28815            43767           300       2.0     297.5  
S0180   16.3     18.8     54973            64800           300       1.7     341.9  
S0181   12.8     18.1     47658            64800           300       1.7     103.9  
S0182   13.1     13.2     56866            64800           300       1.7     62.4   
S0183   4.1      3.1      41754            60297           300       2.1     164.2  
S0184   5.7      18.9     56407            64800           300       2.0     156.6  
S0185   0.5      5.2      57363            64800           300       0.6     279.4  
S0186   -9.1     12.1     30076            40354           300       2.3     382.3  
S0187   3.3      -9.1     50898            64800           300       3.0     213.9  
S0188   17.8     18.4     38477            56498           300       2.3     60.9   
S0189   16.3     1.3      30374            43459           300       0.9     256.2  
S0190   -16.5    6.8      27798            48114           300       1.1     75.4   
S0191   18.2     -0.8     35161            51979           300       0.7     122.8  
S0192   -2.7     13.1     50738            64800           300       0.6     307.7  
S0193   18.4     -2.1     40060            51647           300       2.7     174.1  
S0194   11.8     -3.7     44451            56346           300       2.0     320.5  
S0195   9.2      4.0      23633            40374           300       2.4     215.8  
S0196   11.5     2.4      35756            51008           300       2.8     68.7   
S0197   -4.3     -1.2     44883            58334           300       2.4     328.3  
S0198   -17.4    13.8     30732            44203           300       0.5     202.8  
S0199   -8.0     11.3     54721            64800           300       2.0     291.6  
S0200   -16.4    9.6      54516            64800           300       0.8     396.9  
S0201   18.7     4.4      23368            31109           300       1.2     73.9   
S0202   -13.1    3.0      43912            63244           300       0.7     182.9  
S0203   0.9      10.1     38991            48463           300       1.3     399.6  
S0204   -0.4     1.3      48563            57279           300       1.6     161.0  
S0205   -4.2     1.7      31837            40567           300       0.8     176.3  
S0206   -6.4     14.2     55332            64800           300       0.8     58.0   
S0207   -13.8    9.5      30053            37984           300       0.6     52.3   
S0208   12.6     -9.7     33413            50524           300       1.5     301.1  
S0209   13.4     9.9      46354            57456           300       0.8     53.4   
S0210   -3.9     11.9     40378            49588           300       0.8     384.5  
S0211   -5.7     5.6      31086            52539           300       2.4     169.9  
S0212   -16.0    8.7      55896            64800           300       1.0     66.3   
S0213   -4.9     3.4      48876            64800           300       0.8     133.4  
S0214   -13.7    11.4     23612            34009           300       2.6     374.2  
S0215   -5.0     -17.9    43863            64505           300       1.8     225.8  
S0216   7.4      18.7     38443            53502           300       0.5     252.7  
S0217   4.5      13.7     21875            40035           300       1.5     313.5  
S0218   -9.9     4.4      42056            53675           300       0.7     341.9  
S0219   16.0     1.4      22320            35886           300       1.6     261.1  
S0220   -15.9    -18.0    29168            50101           300       1.2     377.8  
S0221   5.1      17.7     40557            48580           300       1.7     369.4  
S0222   6.1      -8.9     45042            55906           300       0.9     235.2  
S0223   12.7     -8.9     31081            44138           300       1.2     293.9  
S0224   -19.8    3.2      29067            38208           300       2.3     145.7  
S0225   -9.0     -6.2     24934            34753           300       2.4     61.8   
S0226   2.7      14.0     37119            45421           300       0.8     253.5  
S0227   -10.6    -2.5     53527            64800           300       1.2     127.4  
S0228   -5.9     8.8      30771            45826           300       1.2     184.4  
S0229   3.7      2.2      23850            32258           300       2.2     282.9  
S0230   -11.9    17.6     22214            30684           300       1.4     122.9  
S0231   10.5     -1.7     48431            60263           300       2.3     60.9   
S0232   -9.1     -11.1    33198            44114           300       2.1     264.4  
S0233   6.2      13.9     25191            35342           300       0.6     169.3  
S0234   15.2     6.4      29423            46998           300       0.9     131.2  
S0235   16.9     -14.9    43304            51029           300       1.3     114.1  
S0236   -4.8     8.3      22807            43274           300       3.0     343.3  
S0237   14.8     -17.2    49965            61703           300       1.5     185.9  
S0238   13.3     18.1     23445            32066           300       1.9     146.6  
S0239   1.0      -0.2     37531            48291           300       0.6     160.8  
S0240   14.6     -7.5     36217            50907           300       1.5     170.1  
S0241   -18.6    10.8     45806            61035           300       1.1     356.8  
S0242   -1.5     -12.3    52230            64800           300       1.9     189.9  
S0243   2.1      -0.1     22595            31726           300       1.0     61.9   
S0244   -9.7     -15.2    25842            42295           300       2.0     74.9   
S0245   18.7     2.8      51552            61238           300       1.8     277.6  
S0246   19.6     15.7     53791            63822           300       2.7     56.3   
S0247   14.3     15.0     43678            55407           300       2.3     104.2  
S0248   8.0      2.2      44434            59112           300       1.4     270.9  
S0249   5.7      13.8     50200            64800           300       1.5     302.8  
S0250   -13.7    -14.8    22130            33702           300       2.7     144.2  
S0251   -0.2     16.9     53228            64800           300       1.4     80.6   
S0252   -2.4     -17.6    44284            55414           300       2.6     196.8  
S0253   -14.6    11.5     56782            64800           300       0.7     393.4  
S0254   -15.7    -17.9    23009            35740           300       0.6     379.2  
S0255   -16.8    8.9      24653            41250           300       2.1     348.7  
S0256   -2.6     16.1     27969            47235           300       1.0     184.6  
S0257   -0.7     -6.0     35421            42790           300       1.3     151.8  
S0258   5.2      -3.0     33090            48131           300       0.8     292.5  
S0259   17.0     10.7     46149            57199           300       2.0     219.1  
S0260   -8.8     18.2     52489            64800           300       2.6     153.7  
S0261   15.3     16.9     43394            60609           300       1.0     251.1  
S0262   9.4      10.2     50234            64800           300       0.7     257.2  
S0263   -18.0    -7.6     30072            50666           300       2.6     258.9  
S0264   -19.4    3.1      46060            60856           300       1.0     345.0  
S0265   -11.2    -6.3     22842            42410           300       1.7     187.7  
S0266   14.9     15.6     30020            41778           300       0.8     360.8  
S0267   -5.9     -8.5     23152            38426           300       2.1     394.3  
S0268   -15.2    4.0      44306            52113           300       2.5     234.4  
S0269   19.2     -2.8     29126            47363           300       0.7     353.4  
S0270   -11.4    -2.0     33513            54185           300       2.6     249.7  
S0271   -4.5     -0.1     54548            64318           300       1.3     366.7  
S0272   4.4      -1.0     23161            36401           300       0.7     88.1   
S0273   -16.3    -4.0     48456            58570           300       2.6     228.3  
S0274   -15.9    2.1      53159            64800           300       2.2     214.7  
S0275   -12.2    -0.3     48432            60626           300       1.7     279.2  
S0276   -13.7    -7.2     52077            64800           300       2.2     157.3  
S0277   -17.7    -5.4     42724            58170           300       2.0     296.6  
