//ID    X        Y        EarlyStart(s)    LateStart(s)    Svc(s)    Vol(m3) Wgt(kg)
//--------------------------------------------------------------------------------------
S0001   4.1      -0.2     53623            64800           300       0.6     387.4  
S0002   17.1     3.0      38547            53763           300       1.5     199.5  
S0003   11.7     17.3     49995            64800           300       2.7     105.2  
S0004   -3.2     -4.3     46214            54364           300       0.9     382.9  
S0005   -19.9    -15.2    52717            61660           300       2.5     326.3  
S0006   -18.6    -2.5     26234            45687           300       2.1     154.2  
S0007   8.0      0.1      27350            44711           300       2.3     303.9  
S0008   -12.6    -6.9     24815            36113           300       1.2     313.6  
S0009   1.8      -1.8     32163            42036           300       0.9     289.7  
S0010   -7.7     -6.1     33096            48766           300       1.7     81.8   
S0011   -15.4    7.3      28026            44829           300       1.7     298.4  
S0012   -14.0    -7.1     43876            58452           300       2.4     366.0  
S0013   -0.7     -4.6     23451            39778           300       2.6     226.9  
S0014   -5.0     -11.9    29179            42300           300       1.7     119.9  
S0015   -8.8     -2.4     30626            45099           300       1.3     204.2  
S0016   -17.3    -9.2     49843            63125           300       2.7     146.6  
S0017   13.7     1.3      30105            42752           300       2.5     65.1   
S0018   -14.7    8.8      30561            42476           300       1.4     218.0  
S0019   -9.0     -9.5     32892            53451           300       2.7     362.2  
S0020   -20.0    -14.1    25148            44926           300       1.3     384.4  
S0021   7.8      -0.7     48772            62599           300       2.0     390.4  
S0022   -0.5     14.6     54267            64800           300       1.7     219.0  
S0023   -4.6     7.7      29686            45199           300       1.9     385.8  
S0024   -5.2     1.1      37711            48597           300       2.3     278.9  
S0025   14.3     4.5      31364            42791           300       2.4     319.4  
S0026   5.1      9.5      30588            50630           300       1.2     386.4  
S0027   10.5     -10.9    55522            64800           300       1.4     353.6  
S0028   -10.1    -1.0     56978            64800           300       2.7     170.6  
S0029   13.9     -15.8    25860            35151           300       1.9     270.7  
S0030   -8.0     20.0     26729            44984           300       1.9     365.7  
S0031   0.6      -16.5    25907            36420           300       2.9     396.4  
S0032   15.1     -3.9     29562            46686           300       2.2     81.4   
S0033   -3.3     -12.2    53231            64800           300       0.7     110.1  
S0034   1.2      5.0      52185            64800           300       0.7     345.2  
S0035   15.3     -17.2    46559            61034           300       2.5     303.7  
S0036   -9.7     18.1     32815            40297           300       0.8     322.8  
S0037   15.0     12.3     53941            64800           300       1.0     354.9  
S0038   14.8     1.1      55252            64614           300       1.1     201.0  
S0039   3.0      1.4      47484            64800           300       3.0     157.4  
S0040   -6.9     -17.0    40138            57593           300       2.6     182.7  
S0041   8.1      0.2      49060            64800           300       1.4     327.5  
S0042   5.2      -13.7    35701            46481           300       0.6     399.5  
S0043   13.0     -0.8     53606            64800           300       2.6     257.9  
S0044   -3.7     13.8     55479            64800           300       0.6     162.7  
S0045   7.7      -14.9    54672            64800           300       2.7     88.9   
S0046   -3.9     7.3      37193            54157           300       1.5     206.5  
S0047   16.0     15.6     40341            54641           300       1.9     381.5  
S0048   6.8      -3.2     53301            61170           300       1.1     358.9  
S0049   16.8     1.8      54318            63539           300       1.0     175.4  
S0050   15.9     11.0     34575            55383           300       1.6     350.4  
S0051   -17.6    10.5     50313            64292           300       1.4     142.5  
S0052   9.9      10.5     46131            57814           300       2.2     299.9  
S0053   -4.6     10.1     48050            57626           300       1.7     85.2   
S0054   -5.5     -6.5     22904            41192           300       2.9     73.9   
S0055   -18.9    6.6      52415            64800           300       2.3     96.7   
S0056   -18.1    -5.0     43954            53172           300       2.1     137.4  
S0057   -15.6    14.9     43126            64126           300       1.6     388.3  
S0058   8.9      8.6      52230            64800           300       1.7     365.7  
S0059   -20.0    -5.7     45402            56705           300       0.7     339.7  
S0060   -19.7    -4.1     49383            58096           300       2.3     163.3  
S0061   10.3     9.0      41044            49486           300       1.1     242.2  
S0062   -8.7     -16.7    33167            43027           300       2.1     359.1  
S0063   -9.9     5.2      33469            46441           300       2.3     251.5  
S0064   -9.5     12.2     53656            64800           300       0.9     118.7  
S0065   5.2      -7.7     28424            42258           300       1.4     306.1  
S0066   19.2     7.9      41848            58858           300       1.4     50.2   
S0067   -19.2    4.0      37709            57423           300       2.6     89.5   
S0068   8.9      -6.2     53084            64800           300       1.1     99.2   
S0069   19.3     17.9     31761            40084           300       1.6     189.8  
S0070   -16.0    7.7      44828            55335           300       1.0     246.5  
S0071   -10.2    4.1      55730            64800           300       2.9     65.3   
S0072   2.8      -15.5    52604            64800           300       2.2     359.7  
S0073   -12.2    13.6     44943            52979           300       1.4     167.5  
S0074   17.9     15.7     43332            62414           300       0.8     129.1  
S0075   -9.0     -12.5    35284            47551           300       1.0     375.9  
S0076   0.7      -6.7     46902            56612           300       1.0     222.2  
S0077   -9.1     -2.5     47203            62222           300       2.1     166.8  
S0078   -13.4    15.1     35662            56833           300       2.4     78.3   
S0079   -11.8    -19.9    36607            46854           300       0.7     174.6  
S0080   -18.3    19.6     28759            47389           300       1.3     298.0  
S0081   -0.0     -2.8     41459            51713           300       1.2     118.3  
S0082   -10.4    -10.3    55560            64800           300       2.3     398.2  
S0083   17.4     19.8     23873            41668           300       2.1     192.1  
S0084   15.7     -2.1     26046            35860           300       1.6     193.1  
S0085   13.2     -15.6    35013            54913           300       2.1     169.3  
S0086   -8.6     -1.3     33235            43930           300       2.4     246.8  
S0087   -3.7     17.0     25576            42573           300       2.7     111.8  
S0088   16.0     -16.9    54237            63568           300       1.5     236.5  
S0089   13.0     0.4      32545            42306           300       2.2     120.6  
S0090   -5.9     -5.2     43362            61263           300       1.9     278.6  
S0091   9.4      -12.4    35590            52498           300       1.5     365.6  
S0092   -19.7    -11.8    54904            64533           300       1.7     335.3  
S0093   -1.6     -18.3    23346            36945           300       1.0     201.1  
S0094   -4.2     -2.9     54042            64800           300       2.4     381.8  
S0095   -18.0    13.0     52303            64800           300       1.6     144.3  
S0096   -1.4     -2.1     56646            64800           300       2.9     291.4  
S0097   -14.6    -6.9     41251            60599           300       3.0     134.6  
S0098   -2.4     3.5      34706            42788           300       0.8     355.1  
S0099   19.9     12.3     46903            61403           300       0.9     163.2  
S0100   -7.5     0.2      32877            44501           300       2.6     388.7  
S0101   5.6      -0.5     56355            64800           300       1.7     339.8  
S0102   9.4      -7.0     25394            44537           300       2.0     54.9   
S0103   11.2     -16.5    27894            39437           300       2.5     84.8   
S0104   8.3      -14.5    46599            64800           300       2.0     148.5  
S0105   2.7      -0.2     29954            45956           300       2.4     383.7  
S0106   -3.7     13.2     28245            40308           300       2.6     211.0  
S0107   -0.2     -11.6    22469            43987           300       2.9     332.6  
S0108   -18.4    13.8     39009            51420           300       1.9     337.7  
S0109   17.5     -16.2    22451            39883           300       1.6     124.8  
S0110   5.9      -12.0    53321            64800           300       2.0     209.1  
S0111   -6.9     -17.2    38432            59787           300       2.1     375.1  
S0112   1.6      -12.5    44665            55638           300       2.5     256.7  
S0113   -6.4     -6.7     42762            62955           300       1.6     199.8  
S0114   0.8      -2.0     50571            59739           300       0.8     213.0  
S0115   13.0     -14.7    48356            58572           300       2.5     75.1   
S0116   15.4     -5.3     24701            43384           300       2.6     137.3  
S0117   19.6     -15.6    39581            56444           300       2.9     356.2  
S0118   -5.8     15.6     38924            47485           300       2.8     58.3   
S0119   -16.6    -5.8     51440            64800           300       2.3     330.4  
S0120   -9.9     15.2     41296            53578           300       2.4     276.7  
S0121   -2.5     16.1     31909            49585           300       1.7     333.8  
S0122   19.5     -11.0    52081            63411           300       1.0     285.0  
S0123   -12.4    -12.2    52165            64800           300       1.6     380.5  
S0124   -3.2     1.5      55622            64800           300       2.6     148.7  
S0125   2.3      0.6      49788            64800           300       1.3     334.9  
S0126   -7.2     -7.5     24492            41452           300       2.7     392.4  
S0127   4.7      -6.8     21895            29699           300       0.6     70.2   
S0128   13.6     -13.5    23396            36331           300       2.1     140.6  
S0129   6.9      12.8     24094            37847           300       1.4     53.9   
S0130   -7.0     -18.4    41670            54328           300       2.7     348.4  
S0131   7.8      -15.7    21916            34416           300       2.0     344.5  
S0132   -19.5    3.6      36770            54996           300       2.2     333.4  
S0133   -8.9     -5.5     30089            37977           300       0.6     109.8  
S0134   -16.9    -9.5     57398            64800           300       1.1     156.3  
S0135   -5.6     -5.3     33097            42883           300       1.4     148.5  
S0136   -17.2    -3.4     46890            55970           300       1.9     65.3   
S0137   16.3     -10.7    52063            59937           300       1.0     392.0  
S0138   -2.9     -18.7    52297            64800           300       1.4     193.0  
S0139   4.1      17.9     23706            42207           300       2.1     125.0  
S0140   -5.8     -19.3    54553            64800           300       2.0     193.0  
S0141   -14.5    10.9     24096            42058           300       1.5     234.4  
S0142   4.9      6.4      39865            54092           300       2.3     213.1  
S0143   -17.1    -15.0    36472            48223           300       0.6     335.0  
S0144   0.4      -16.7    29499            41244           300       2.5     149.0  
S0145   2.4      1.4      52626            60145           300       2.4     134.9  
S0146   4.5      -10.6    34264            43572           300       1.8     131.1  
S0147   -13.9    -11.2    50674            64476           300       2.4     131.7  
S0148   14.3     9.3      27888            43297           300       0.9     127.0  
S0149   14.1     -5.2     48763            58348           300       2.2     376.7  
S0150   9.2      -4.4     25028            41619           300       2.7     287.0  
S0151   10.8     13.8     35319            54187           300       1.6     133.3  
S0152   17.1     12.9     22891            39202           300       2.8     269.2  
S0153   8.8      9.8      53763            64800           300       1.1     295.7  
S0154   -14.3    18.3     56561            64800           300       2.1     374.7  
S0155   14.5     4.4      42519            56986           300       1.0     130.3  
S0156   -1.2     8.7      24047            43010           300       1.3     73.0   
S0157   3.9      -15.9    57460            64800           300       2.5     308.2  
S0158   13.8     -14.9    23908            31596           300       1.9     368.4  
S0159   -13.4    4.1      51591            59319           300       2.6     213.7  
S0160   10.2     -14.1    54482            64800           300       1.0     388.1  
S0161   -2.8     4.1      37242            52050           300       2.9     338.5  
S0162   16.2     -1.7     35892            47397           300       2.4     311.8  
S0163   -2.0     4.3      24955            33259           300       0.5     281.9  
S0164   10.0     -11.5    29147            43768           300       1.4     124.7  
S0165   12.4     8.2      23813            33994           300       2.1     240.4  
S0166   -6.5     11.0     53193            64800           300       1.3     103.2  
S0167   16.6     16.3     26668            41082           300       2.5     173.1  
S0168   0.4      11.4     51878            63361           300       2.2     57.0   
S0169   19.6     10.6     39237            52106           300       0.8     314.2  
S0170   -7.3     5.4      25406            36414           300       2.3     347.8  
S0171   10.1     -3.1     45041            61538           300       1.5     272.9  
S0172   -11.7    13.5     57340            64800           300       1.7     217.8  
S0173   -19.1    -7.6     28394            35950           300       2.4     361.2  
S0174   -6.6     -2.5     36384            51620           300       2.4     274.3  
S0175   -13.9    -15.4    43944            52932           300       0.7     371.3  
S0176   -5.0     -12.9    38749            47312           300       1.1     200.4  
S0177   -4.8     9.7      46347            58419           300       2.7     58.5   
S0178   5.2      12.1     31311            51366           300       1.8     313.8  
S0179   -6.8     15.1     55564            64800           300       2.5     130.8  
S0180   -11.3    -13.0    25464            39185           300       0.7     255.1  
S0181   17.2     16.1     39453            49646           300       2.2     213.7  
S0182   -4.7     -18.3    42041            54393           300       0.8     70.9   
S0183   -16.2    1.1      26269            38633           300       1.5     284.4  
S0184   -5.1     14.4     26158            34487           300       1.7     198.3  
S0185   -17.1    -3.9     48889            64800           300       2.0     332.6  
S0186   -13.9    11.5     55332            64800           300       1.6     80.1   
S0187   4.1      -11.7    52828            63665           300       0.7     107.7  
S0188   -15.6    6.7      52212            64800           300       1.3     383.6  
S0189   -14.8    5.8      51736            64800           300       2.1     393.9  
S0190   6.2      -18.1    57122            64800           300       1.0     379.2  
S0191   10.6     -13.0    56846            64800           300       1.3     247.8  
S0192   10.6     6.5      39568            47107           300       1.6     170.6  
S0193   15.8     -13.4    49720            59274           300       1.1     383.3  
S0194   -15.3    14.8     33692            52940           300       1.8     55.0   
S0195   7.2      16.8     49814            64800           300       0.7     250.4  
S0196   -14.6    16.7     24665            34274           300       1.3     172.8  
S0197   -8.4     -8.0     31574            44335           300       1.7     386.5  
S0198   -0.4     13.2     47594            64800           300       1.5     316.2  
S0199   -18.2    4.8      45117            59311           300       1.1     254.8  
S0200   6.3      17.1     44921            53597           300       1.7     257.8  
S0201   8.9      -9.7     52179            60989           300       2.1     129.5  
S0202   -12.3    -5.5     38678            50978           300       0.9     379.4  
S0203   -7.9     -13.9    31788            51550           300       2.0     363.6  
S0204   -0.8     8.3      28780            48456           300       1.8     79.9   
S0205   5.5      -11.0    49042            59926           300       1.1     89.9   
S0206   -2.9     7.5      32126            39520           300       2.5     212.9  
S0207   5.4      -8.1     42446            52151           300       2.7     59.1   
S0208   17.7     -10.9    35615            47121           300       2.1     326.9  
S0209   -16.4    6.1      44053            56880           300       2.8     223.7  
S0210   14.7     12.6     29616            46674           300       2.9     174.0  
S0211   0.1      -10.8    51824            64800           300       1.4     111.7  
S0212   0.6      -6.6     52083            64800           300       0.9     276.4  
S0213   -18.7    7.7      39557            59813           300       1.0     72.8   
S0214   -17.2    2.8      30029            49970           300       1.2     195.7  
S0215   6.3      -10.3    46114            55398           300       2.0     370.6  
S0216   -18.5    -9.0     23098            42827           300       2.9     121.8  
S0217   -17.5    0.9      48264            60804           300       2.2     323.6  
S0218   -12.0    -14.4    46088            64800           300       0.8     374.8  
S0219   15.8     -8.2     21973            31521           300       2.3     140.2  
S0220   16.8     -16.7    47446            55109           300       0.8     397.8  
S0221   -18.0    1.3      36842            57086           300       1.6     241.3  
S0222   -4.3     18.8     53447            64800           300       2.6     396.6  
S0223   16.9     -12.0    38972            50895           300       2.6     119.8  
S0224   -17.3    19.3     35679            53044           300       0.9     311.9  
S0225   19.0     -5.9     48087            64800           300       3.0     196.0  
S0226   6.7      -14.1    31230            47437           300       1.0     136.0  
S0227   10.4     -10.6    38861            54074           300       0.5     285.9  
S0228   -3.1     16.5     35163            49394           300       0.8     365.2  
S0229   11.6     -8.1     50140            60935           300       2.6     182.3  
S0230   -4.5     2.9      26648            37621           300       2.0     165.1  
S0231   -13.7    -1.9     54622            64800           300       1.9     253.1  
S0232   -2.4     15.0     41412            49527           300       1.2     83.1   
S0233   11.9     -17.5    48683            61374           300       0.9     312.9  
S0234   -15.5    -7.5     56688            64800           300       1.3     315.3  
S0235   -9.3     -8.0     31306            51121           300       2.7     133.7  
S0236   -10.2    9.0      55815            64800           300       2.2     64.6   
S0237   -5.5     -0.5     28950            43297           300       1.1     336.2  
S0238   -15.1    4.1      46513            64800           300       1.0     388.9  
S0239   7.0      16.4     37644            50172           300       0.9     111.8  
S0240   18.9     -7.1     56866            64800           300       1.3     299.9  
S0241   -8.4     9.8      24017            39658           300       0.8     87.3   
S0242   -19.4    9.0      24315            42391           300       1.6     342.3  
S0243   2.0      -15.5    47840            61243           300       0.5     262.8  
S0244   0.8      9.5      43459            62592           300       2.5     309.8  
S0245   -8.9     1.6      23665            33838           300       2.5     92.3   
S0246   3.4      19.2     24735            37437           300       1.8     170.6  
S0247   -8.9     -9.6     42086            63140           300       0.8     179.3  
S0248   -19.7    -8.2     57453            64800           300       1.1     358.1  
S0249   -10.5    16.3     28401            48035           300       1.7     383.7  
S0250   2.8      1.8      50847            58657           300       1.8     60.5   
S0251   -2.1     18.8     25184            43176           300       0.7     165.5  
S0252   -8.9     14.1     22932            37751           300       1.3     248.7  
S0253   -13.6    3.1      23433            41588           300       1.3     182.8  
S0254   18.4     8.2      48625            62646           300       2.5     192.2  
S0255   -3.2     -10.9    38513            46131           300       2.8     225.9  
S0256   -12.5    3.8      42749            61010           300       0.9     382.3  
S0257   -6.5     -8.1     40151            58925           300       2.4     226.0  
S0258   -6.1     -0.9     53147            64800           300       2.0     370.5  
S0259   -14.5    5.4      32126            47757           300       2.5     108.1  
S0260   9.6      -17.7    45952            55335           300       2.5     112.0  
S0261   1.5      -13.4    30136            46995           300       1.6     394.1  
S0262   -14.6    -16.9    22965            41665           300       2.9     339.4  
S0263   15.1     -10.3    53358            64800           300       2.3     161.6  
S0264   12.9     11.1     23336            36623           300       2.9     211.0  
S0265   4.5      8.3      34189            46122           300       2.4     112.0  
S0266   -0.8     19.6     49963            64800           300       1.8     87.8   
S0267   19.6     -18.9    23051            41404           300       1.4     288.3  
S0268   -18.7    -10.8    52239            64800           300       2.9     92.5   
S0269   5.2      1.9      34584            51216           300       2.3     147.1  
S0270   5.3      8.6      40442            49625           300       1.7     244.5  
S0271   -1.4     -16.8    46912            64800           300       1.1     148.7  
S0272   19.7     -11.5    23716            36254           300       1.6     350.2  
S0273   -5.0     -6.5     27357            37854           300       1.3     283.3  
S0274   4.6      -5.3     24465            44408           300       2.9     168.5  
S0275   -6.8     0.0      38939            57770           300       2.4     187.4  
S0276   3.4      15.2     24807            38817           300       0.7     227.5  
S0277   -5.9     -14.5    39299            55564           300       1.2     139.3  
S0278   -10.2    -3.0     33071            52473           300       0.7     292.1  
S0279   2.1      -9.6     22378            34114           300       0.8     112.1  
S0280   15.2     19.6     40969            59211           300       1.6     361.9  
S0281   -14.2    4.8      23123            33261           300       1.8     233.9  
S0282   -12.6    11.9     40232            52853           300       2.9     292.0  
S0283   19.0     5.1      48383            60327           300       2.5     395.3  
S0284   10.4     8.8      31182            41983           300       1.6     295.6  
S0285   20.0     -13.0    40149            52812           300       0.9     176.7  
S0286   -17.6    -3.9     34049            49020           300       0.8     372.9  
S0287   -3.2     -9.9     22701            44294           300       1.8     272.4  
S0288   17.2     6.0      26668            36223           300       2.3     395.5  
S0289   -18.9    3.3      36184            45047           300       2.0     231.5  
S0290   5.3      -17.6    50577            62140           300       1.0     177.9  
S0291   8.2      6.8      31306            40680           300       2.1     180.0  
S0292   2.4      -16.5    27850            43299           300       2.0     228.9  
S0293   -7.6     15.9     22792            44307           300       1.9     311.0  
S0294   7.8      -5.8     48768            59006           300       1.3     55.1   
S0295   8.3      12.7     35917            45264           300       0.5     215.8  
S0296   12.7     16.5     52516            64800           300       3.0     101.1  
S0297   -2.3     -14.6    36311            49026           300       2.8     110.2  
S0298   7.0      3.1      57321            64800           300       0.6     251.9  
S0299   -16.8    -14.1    26831            44543           300       0.8     257.7  
S0300   -4.6     4.2      47267            62039           300       1.2     224.4  
S0301   14.5     3.8      23318            37954           300       1.9     237.7  
S0302   14.3     -1.4     38010            58489           300       2.1     82.2   
S0303   -1.5     19.6     29548            42130           300       2.5     50.4   
S0304   -5.1     15.0     57511            64800           300       2.4     108.3  
S0305   -9.9     15.5     42235            60719           300       2.8     132.9  
S0306   11.2     12.5     29808            37264           300       0.8     212.4  
S0307   -12.7    -11.5    33793            52353           300       2.0     357.9  
S0308   -10.7    4.2      47039            57127           300       1.5     181.4  
S0309   -18.8    -4.1     24762            43806           300       1.8     394.3  
S0310   5.0      -7.1     33277            51015           300       0.7     294.4  
S0311   4.4      2.0      48492            64800           300       1.9     287.8  
S0312   15.9     -3.7     55501            64695           300       0.6     136.8  
S0313   5.8      -5.9     32845            41377           300       2.7     58.4   
S0314   -5.2     -6.0     37507            47507           300       2.8     88.4   
S0315   -9.0     8.5      34353            48126           300       2.4     164.8  
S0316   12.6     -11.6    36900            46237           300       2.6     273.5  
S0317   17.0     7.8      49615            64800           300       0.6     238.5  
S0318   -19.3    -10.3    37592            47013           300       2.3     354.1  
S0319   11.7     19.7     52177            63434           300       1.8     324.9  
S0320   2.2      6.6      38411            53177           300       0.9     143.5  
S0321   -7.2     6.9      23514            36574           300       1.1     334.4  
S0322   0.0      -16.1    27618            47563           300       1.9     65.0   
S0323   -2.6     -13.7    48786            56971           300       1.6     55.8   
S0324   -3.0     -16.2    52696            63588           300       2.7     357.7  
S0325   -17.5    -0.9     52206            64800           300       1.9     122.5  
S0326   10.2     3.4      39289            60429           300       0.8     299.4  
S0327   16.5     -6.5     29467            43333           300       2.9     389.8  
S0328   9.7      17.7     40535            57560           300       1.6     150.6  
S0329   14.6     -12.3    33578            44933           300       2.7     328.8  
S0330   18.8     -1.6     57354            64800           300       0.6     340.7  
S0331   3.9      19.5     22327            40378           300       2.4     241.9  
S0332   5.2      -7.7     55619            64800           300       1.0     203.3  
S0333   7.0      -16.7    30898            42041           300       1.0     316.2  
S0334   -8.0     -19.7    22447            43322           300       2.2     132.3  
S0335   14.0     -8.9     24239            38917           300       1.3     351.3  
