//ID    X        Y        EarlyStart(s)    LateStart(s)    Svc(s)    Vol(m3) Wgt(kg)
//--------------------------------------------------------------------------------------
S0001   15.6     12.6     50390            62952           300       1.6     372.1  
S0002   11.3     -18.8    51874            64800           300       1.9     282.5  
S0003   -20.0    -17.6    36221            57497           300       1.8     192.5  
S0004   -13.4    -13.0    50243            64800           300       2.5     294.5  
S0005   2.5      -16.3    22505            41627           300       1.2     371.0  
S0006   18.6     14.2     28726            47848           300       2.4     282.4  
S0007   3.2      7.4      43014            60056           300       1.7     101.0  
S0008   -9.9     -3.9     31876            49397           300       2.9     212.5  
S0009   10.6     7.5      22813            41325           300       1.9     277.3  
S0010   4.8      -9.9     40723            60591           300       0.7     101.7  
S0011   16.8     -16.1    29859            39988           300       1.7     197.8  
S0012   -0.2     -19.6    31011            52162           300       2.5     145.8  
S0013   18.0     -12.7    57211            64800           300       0.6     211.1  
S0014   -8.7     -7.9     27754            40783           300       1.6     67.9   
S0015   -14.6    14.8     50918            60926           300       1.3     285.2  
S0016   -17.1    19.2     45158            64800           300       0.9     379.4  
S0017   1.3      9.0      32203            40693           300       2.3     281.5  
S0018   -13.5    18.0     27681            46330           300       2.3     315.2  
S0019   18.1     18.1     29186            41216           300       2.0     154.6  
S0020   13.4     4.6      49570            60638           300       2.8     118.5  
S0021   -6.2     0.1      29532            49092           300       2.6     124.1  
S0022   14.5     8.9      53935            64800           300       1.6     136.9  
S0023   -19.6    16.4     36781            53350           300       0.6     189.6  
S0024   17.1     18.6     34719            55495           300       1.6     129.7  
S0025   12.8     -16.5    24282            36355           300       1.4     363.2  
S0026   -2.9     9.6      37404            47812           300       0.9     253.0  
S0027   2.3      -7.9     38334            50514           300       2.8     211.3  
S0028   -5.3     5.8      41750            55596           300       2.6     176.5  
S0029   -1.3     -16.2    45175            56534           300       2.4     260.7  
S0030   6.9      -12.4    51651            60177           300       1.9     62.7   
S0031   -13.6    8.7      34542            47717           300       1.3     102.9  
S0032   9.1      6.2      22356            30499           300       3.0     69.5   
S0033   18.5     -14.4    49060            58202           300       2.4     155.9  
S0034   9.1      15.8     40498            60967           300       0.6     327.0  
S0035   -11.5    -13.1    45785            54012           300       2.4     171.9  
S0036   -8.4     7.0      30518            43001           300       0.6     269.8  
S0037   -12.2    -17.5    24215            37100           300       0.7     287.8  
S0038   -5.6     -15.0    24166            36738           300       1.9     79.4   
S0039   -7.8     15.7     40412            61327           300       2.6     249.1  
S0040   -7.1     -1.0     30284            49819           300       2.7     207.9  
S0041   -13.1    -12.7    29924            43134           300       2.3     123.2  
S0042   15.4     19.6     32753            48381           300       2.6     290.4  
S0043   3.5      14.7     51477            64800           300       2.6     329.0  
S0044   4.6      13.1     30071            50414           300       0.8     358.6  
S0045   6.7      10.5     37574            46759           300       1.6     281.4  
S0046   -3.6     -17.5    32725            43501           300       2.4     379.3  
S0047   -10.0    -9.9     47240            64800           300       0.6     230.6  
S0048   -16.3    -9.7     49708            64800           300       1.0     343.9  
S0049   7.6      14.3     38965            50930           300       1.5     263.5  
S0050   11.5     17.9     34312            42659           300       1.5     303.3  
S0051   -15.2    -3.6     43894            59204           300       2.9     197.8  
S0052   -19.6    -0.6     39505            47384           300       1.7     325.6  
S0053   8.4      -0.5     22990            35786           300       1.0     247.5  
S0054   12.0     4.0      23823            42828           300       0.9     226.6  
S0055   -8.8     -9.3     34885            53001           300       0.6     368.1  
S0056   -8.2     -10.5    57597            64800           300       2.2     338.8  
S0057   7.2      -2.0     39696            56247           300       0.9     310.7  
S0058   -15.1    -17.0    41957            61843           300       1.3     74.7   
S0059   -9.9     12.9     41020            55399           300       2.3     362.6  
S0060   5.8      -4.5     52474            64800           300       1.6     317.2  
S0061   -4.2     -19.3    26362            44857           300       2.7     178.6  
S0062   -17.1    -8.9     39155            51611           300       2.5     254.8  
S0063   16.3     11.6     25574            45217           300       2.0     392.5  
S0064   -11.7    -16.8    41284            49716           300       0.6     159.5  
S0065   10.5     4.1      38064            57841           300       2.4     234.4  
S0066   -5.0     -18.9    56375            64800           300       2.0     190.1  
S0067   15.7     10.2     54668            64800           300       2.0     138.6  
S0068   -11.4    0.0      45033            57938           300       1.4     395.5  
S0069   14.5     6.1      49429            64800           300       2.3     195.3  
S0070   -15.2    -4.4     49567            64800           300       0.9     198.1  
S0071   7.4      12.3     55677            64800           300       1.2     135.1  
S0072   -5.6     1.7      36904            54631           300       1.8     368.5  
S0073   -2.3     -14.2    48144            58851           300       0.5     281.0  
S0074   -0.3     12.6     52941            64800           300       2.9     369.6  
S0075   12.4     -8.8     32231            49774           300       1.8     285.5  
S0076   1.6      -3.7     23219            36665           300       1.4     218.6  
S0077   8.7      4.7      51978            64800           300       2.5     56.4   
S0078   -14.4    -17.7    36882            51252           300       2.8     147.6  
S0079   19.1     -17.7    55901            64800           300       2.0     296.6  
S0080   -2.4     2.8      51855            64800           300       1.4     320.4  
S0081   13.9     -17.6    48395            64800           300       2.1     234.0  
S0082   12.8     -8.6     36404            47117           300       2.9     340.6  
S0083   -18.3    17.8     22384            30455           300       2.5     149.0  
S0084   -2.2     -13.9    57072            64800           300       2.1     253.5  
S0085   1.8      15.3     34977            50860           300       2.6     211.7  
S0086   -0.2     -20.0    33450            46452           300       2.1     208.1  
S0087   11.9     11.5     54071            64800           300       1.5     64.1   
S0088   5.0      17.8     36607            46415           300       2.8     165.0  
S0089   0.8      12.2     41658            61214           300       1.8     111.0  
S0090   -13.9    6.3      47484            59891           300       2.9     346.3  
S0091   0.9      -8.3     57066            64800           300       0.7     393.3  
S0092   13.0     10.6     36950            47953           300       1.7     165.7  
S0093   -1.8     14.2     40807            52041           300       1.3     355.3  
S0094   -0.3     14.1     46054            53520           300       1.1     172.1  
S0095   -14.6    19.7     23872            37235           300       0.6     334.2  
S0096   -2.5     12.0     55072            64800           300       2.0     243.1  
S0097   -12.0    -1.0     53305            61451           300       2.5     398.8  
S0098   -19.0    -15.9    53715            64800           300       2.8     146.8  
S0099   0.9      -0.1     46550            55282           300       1.6     175.2  
S0100   -16.0    16.3     42908            51385           300       1.8     265.1  
S0101   6.6      -1.4     31365            40000           300       2.1     279.0  
S0102   -8.4     19.7     35139            46146           300       2.0     211.2  
S0103   -3.7     14.0     35657            55283           300       2.6     385.3  
S0104   -4.8     2.7      31608            47513           300       0.7     299.5  
S0105   11.9     2.7      44642            55293           300       2.6     370.1  
S0106   5.1      -3.9     26119            37230           300       2.4     361.1  
S0107   3.5      14.2     44504            61067           300       1.7     97.5   
S0108   -2.1     -6.2     44919            62305           300       0.7     75.7   
S0109   -0.8     3.5      36647            48853           300       2.7     209.2  
S0110   -2.2     -13.1    47009            54341           300       2.5     175.5  
S0111   17.8     -8.3     35333            55017           300       2.0     81.4   
S0112   18.1     -10.9    36525            50421           300       1.7     323.5  
S0113   -18.1    -7.6     39215            54550           300       1.7     109.4  
S0114   16.4     -12.6    31879            42937           300       1.8     281.3  
S0115   -16.6    -11.9    30450            44730           300       2.2     318.5  
S0116   0.7      -10.7    37023            46485           300       2.2     85.2   
S0117   -8.7     13.9     38518            57323           300       1.8     350.5  
S0118   13.0     -0.7     30943            42998           300       0.7     78.5   
S0119   4.8      14.0     40325            51461           300       2.8     176.8  
S0120   11.8     16.9     32358            42364           300       1.3     367.4  
S0121   0.4      12.0     47898            62489           300       1.2     64.3   
S0122   11.8     -8.2     22530            34406           300       2.6     381.2  
S0123   1.7      1.9      49894            64800           300       1.2     78.8   
S0124   1.7      -4.8     55338            64800           300       1.7     216.1  
S0125   -8.1     -11.2    46333            59428           300       0.8     145.7  
S0126   14.9     -4.5     35514            49518           300       1.3     230.9  
S0127   -18.0    -11.2    35742            56605           300       2.6     378.8  
S0128   -17.9    -10.5    35849            46679           300       1.1     279.3  
S0129   15.9     -1.2     31647            41513           300       0.8     76.3   
S0130   2.6      -9.8     32485            40464           300       2.4     326.4  
S0131   -5.2     0.3      53847            63844           300       1.4     97.2   
S0132   -18.9    19.3     35791            53581           300       1.4     200.3  
S0133   -8.9     -19.4    50950            64800           300       1.2     300.3  
S0134   -1.2     15.4     48753            56360           300       1.4     277.2  
S0135   -19.7    -10.4    55328            64800           300       3.0     161.6  
S0136   -10.1    12.0     30364            39856           300       1.5     372.3  
S0137   17.8     2.0      31480            40074           300       2.1     281.7  
S0138   12.8     17.5     40192            55570           300       2.5     184.0  
S0139   6.9      -8.7     33928            42631           300       2.7     274.6  
S0140   -2.8     0.0      46275            60678           300       1.6     122.7  
S0141   -3.5     -15.3    47485            61070           300       1.9     205.0  
S0142   15.6     -18.8    36099            49985           300       0.7     322.7  
S0143   16.9     -13.7    48512            64800           300       1.8     64.8   
S0144   -12.1    18.4     47367            57140           300       1.7     295.0  
S0145   -10.4    4.4      42303            56894           300       2.0     62.3   
S0146   3.8      13.4     47360            57287           300       0.6     362.3  
S0147   -11.2    -8.6     32475            50316           300       3.0     278.7  
S0148   1.1      7.3      39614            47704           300       2.5     191.5  
S0149   -18.4    3.2      40491            56196           300       1.8     280.4  
S0150   1.9      -5.4     56494            64800           300       2.8     80.3   
S0151   5.0      -2.8     48302            57631           300       0.9     244.6  
S0152   11.9     6.9      33840            44590           300       2.5     99.1   
S0153   11.3     -7.4     44431            63080           300       2.5     61.2   
S0154   0.9      3.3      38869            52650           300       0.9     104.4  
S0155   13.6     7.7      36754            53222           300       1.9     175.9  
S0156   -4.9     15.6     53270            64800           300       1.5     275.7  
S0157   19.9     18.9     56187            64800           300       2.7     302.5  
S0158   3.8      -19.2    25360            46901           300       1.1     99.2   
S0159   9.7      -3.4     30110            49118           300       2.8     135.6  
S0160   8.5      16.0     26493            35784           300       1.8     242.4  
S0161   -13.6    19.5     31458            42283           300       0.7     117.7  
S0162   -14.4    5.5      27789            43190           300       1.2     391.8  
S0163   8.2      -1.4     41328            55143           300       1.7     108.8  
S0164   -17.7    -10.9    55650            64800           300       0.7     192.1  
S0165   8.4      -18.3    27256            45827           300       0.5     257.3  
S0166   1.6      -0.0     42953            50601           300       2.0     130.5  
S0167   -5.8     6.9      45603            64800           300       0.8     365.8  
S0168   -9.2     -14.8    45781            54222           300       2.5     151.2  
S0169   4.3      4.8      49715            61002           300       0.9     62.7   
S0170   8.0      -10.5    44534            63623           300       2.6     55.3   
S0171   -6.1     6.2      42551            60099           300       2.4     207.8  
S0172   4.5      -14.2    31959            50250           300       0.7     58.0   
S0173   -7.3     4.3      24300            37298           300       3.0     209.2  
S0174   -4.1     -3.5     36791            52998           300       0.7     266.8  
S0175   14.4     11.9     31726            49820           300       1.3     109.2  
S0176   -15.1    12.8     28894            49641           300       2.1     302.7  
S0177   -5.2     -4.1     32349            44297           300       2.1     252.9  
S0178   -15.6    -17.9    27359            47766           300       0.6     225.9  
S0179   -4.9     -18.1    33802            52974           300       1.7     263.2  
S0180   15.1     -0.1     24558            35978           300       2.4     115.6  
S0181   -1.8     10.0     28706            48890           300       2.2     305.6  
S0182   -14.4    7.9      42711            58311           300       2.9     84.2   
S0183   -15.3    17.4     38354            59329           300       2.3     293.0  
S0184   -1.2     14.6     57023            64800           300       0.9     276.8  
S0185   -16.6    16.9     42041            50634           300       2.0     210.6  
S0186   14.7     -13.8    48663            64800           300       1.4     146.9  
S0187   -11.6    -2.9     54988            64800           300       2.9     169.6  
S0188   -16.1    -9.4     38363            50935           300       1.8     221.4  
S0189   -1.0     8.5      43427            53565           300       3.0     377.3  
S0190   -4.7     -16.7    47433            64800           300       2.8     201.7  
S0191   -5.7     -2.9     50754            64800           300       1.5     66.9   
S0192   15.4     -2.8     24478            44400           300       1.6     364.9  
S0193   -13.9    6.5      50531            64800           300       2.9     122.3  
S0194   -16.7    -11.0    40747            54207           300       2.1     355.1  
S0195   -9.7     -19.1    55231            63929           300       2.0     144.8  
S0196   2.0      -5.1     41365            62495           300       1.0     328.9  
S0197   -9.4     -17.6    45083            59358           300       1.1     82.9   
S0198   3.8      12.4     38987            46370           300       1.3     258.9  
S0199   -3.5     -8.9     51344            64800           300       1.1     280.6  
S0200   -18.0    7.5      52673            64800           300       0.9     57.9   
S0201   -8.7     -7.0     28276            39743           300       0.9     237.8  
S0202   18.9     -14.8    29899            46094           300       2.1     278.3  
S0203   -1.9     17.5     24101            37983           300       2.6     159.2  
S0204   1.7      -6.8     28532            49676           300       2.1     235.4  
S0205   16.1     -18.5    42869            60579           300       2.1     282.1  
S0206   -9.0     16.1     45020            53012           300       1.1     353.0  
S0207   -11.4    -7.6     43791            58570           300       0.8     147.5  
S0208   19.0     -5.8     26256            37715           300       1.3     126.0  
S0209   7.8      -12.4    29928            44985           300       2.8     297.3  
S0210   -2.9     -10.4    26020            43975           300       2.9     130.7  
S0211   -19.1    4.8      33313            52191           300       0.8     203.5  
S0212   1.0      6.6      56717            64800           300       2.6     95.2   
S0213   12.3     -13.3    45753            58314           300       1.3     109.4  
S0214   15.0     -1.0     42458            49685           300       0.7     111.2  
S0215   8.5      -9.8     23761            33258           300       1.9     318.8  
S0216   -1.6     -17.5    35633            47972           300       3.0     389.7  
S0217   6.5      4.0      31928            45696           300       1.0     154.9  
S0218   1.0      -12.7    26630            38087           300       1.7     278.3  
S0219   14.2     6.5      34870            48493           300       0.8     306.1  
S0220   -12.6    -7.6     34103            51583           300       0.9     143.7  
S0221   -13.1    0.5      39860            54203           300       2.6     59.6   
S0222   -2.5     15.3     56932            64800           300       2.6     163.4  
S0223   2.1      -13.6    28617            48553           300       2.6     120.0  
S0224   15.3     15.7     33802            44365           300       0.8     66.9   
S0225   -5.5     -15.5    25856            45145           300       2.4     399.8  
S0226   -16.4    15.5     22047            42280           300       1.8     82.8   
S0227   17.6     -0.7     51302            64800           300       1.6     351.7  
S0228   9.4      -1.6     29993            45021           300       1.9     262.5  
S0229   11.6     -13.8    39568            47254           300       2.5     130.6  
S0230   -13.3    7.7      46936            62551           300       0.5     368.4  
S0231   -11.2    11.7     50761            64800           300       0.9     248.0  
S0232   3.4      8.2      27490            42809           300       1.1     322.7  
S0233   -10.3    -17.8    25882            36327           300       1.5     118.2  
S0234   7.0      -17.4    22750            36838           300       1.9     68.7   
S0235   6.7      7.6      48627            64800           300       1.8     189.1  
S0236   12.7     2.0      32376            51210           300       1.0     102.6  
S0237   2.8      12.9     34166            44638           300       2.4     361.3  
S0238   -1.1     11.6     47284            64800           300       1.8     81.3   
S0239   0.1      19.6     30052            42863           300       1.9     258.5  
S0240   -1.8     -18.4    31103            49396           300       2.4     330.1  
S0241   -5.7     -1.2     24384            32652           300       1.7     223.9  
S0242   3.0      2.2      39664            55195           300       0.8     148.6  
S0243   -19.9    -12.1    27616            48066           300       1.3     252.7  
S0244   7.1      -5.6     26589            38037           300       2.6     221.9  
S0245   -5.0     8.4      36018            57368           300       0.8     333.9  
S0246   -13.4    -15.9    38200            55999           300       2.0     240.6  
S0247   -2.2     -16.3    50411            64800           300       2.7     213.4  
S0248   -1.9     7.8      35688            46696           300       1.1     294.3  
S0249   -4.4     7.2      36364            44586           300       0.6     223.4  
S0250   9.3      -15.1    52676            64800           300       1.6     376.2  
S0251   12.3     -5.7     22639            43073           300       1.7     213.2  
S0252   2.8      -3.3     34540            48454           300       1.1     228.3  
S0253   18.5     16.4     25070            43908           300       1.9     253.1  
S0254   13.8     9.3      28897            37448           300       1.0     140.1  
S0255   -13.7    17.4     22675            38418           300       1.0     195.9  
S0256   -14.0    -6.9     38307            57248           300       2.9     123.7  
S0257   -8.0     18.9     40667            48775           300       0.7     170.1  
S0258   5.8      7.3      49002            56597           300       1.7     286.4  
S0259   12.4     8.0      49731            64800           300       2.1     254.8  
S0260   1.1      -13.6    51292            64800           300       1.6     161.1  
S0261   -14.5    -18.3    34293            54313           300       2.0     347.9  
S0262   7.5      0.4      39566            55620           300       1.3     385.9  
S0263   -13.7    -19.1    41357            59271           300       1.8     235.8  
S0264   4.6      5.1      49943            64800           300       0.8     374.1  
S0265   12.5     -14.5    45989            63139           300       1.9     398.5  
S0266   5.7      -19.9    56047            64800           300       2.7     317.7  
S0267   -18.8    -18.0    42047            51126           300       0.7     220.3  
S0268   18.2     4.1      23013            32551           300       1.3     225.5  
S0269   -1.9     17.4     54961            64800           300       0.8     332.4  
S0270   -15.3    -10.8    28574            40622           300       2.2     180.1  
S0271   -15.5    14.0     41419            49420           300       2.7     129.8  
S0272   -14.6    17.0     23050            35978           300       1.0     276.6  
S0273   -11.3    13.5     31973            48802           300       1.3     116.2  
S0274   -13.2    -6.0     38113            46351           300       2.8     150.6  
S0275   5.7      -16.8    28741            36211           300       0.7     347.3  
S0276   8.9      -3.9     40764            61582           300       2.5     388.2  
S0277   -18.8    0.1      55596            64800           300       2.2     396.8  
S0278   -15.0    -15.6    52847            60257           300       1.2     256.7  
S0279   -13.7    1.0      52321            64800           300       1.6     122.1  
S0280   5.4      -7.9     39875            52081           300       2.7     347.8  
S0281   -13.3    -17.5    25686            38216           300       2.7     221.9  
S0282   15.0     8.3      27888            46956           300       3.0     83.4   
S0283   2.6      4.9      35863            56308           300       2.2     59.5   
S0284   5.9      3.4      48696            64800           300       1.2     374.7  
S0285   -7.2     -13.9    42834            56251           300       1.9     389.3  
S0286   -11.5    -10.8    55488            64800           300       2.0     136.3  
S0287   -14.9    -14.5    48672            59187           300       1.6     356.6  
S0288   11.9     1.4      26600            47561           300       2.3     370.3  
S0289   -2.3     -13.4    29330            38359           300       2.5     50.9   
S0290   8.1      -2.8     38570            53058           300       2.8     102.2  
S0291   -8.4     -10.3    43128            53645           300       1.4     113.7  
S0292   3.5      -5.5     34704            52865           300       1.3     350.3  
S0293   16.6     -5.4     36076            54104           300       1.6     236.4  
S0294   -12.8    18.1     34991            55052           300       1.1     149.1  
S0295   -2.9     0.9      41980            52988           300       1.9     241.3  
S0296   -11.3    -1.7     26368            44476           300       0.8     65.5   
S0297   15.1     -13.3    47348            54642           300       0.5     240.5  
S0298   -9.0     0.4      47646            64800           300       2.7     143.3  
S0299   9.0      17.6     32619            43122           300       1.7     190.8  
S0300   1.6      10.0     22746            36770           300       2.7     201.2  
S0301   9.0      -9.5     26629            36762           300       0.5     186.0  
S0302   -9.0     5.5      52058            64666           300       2.5     218.9  
S0303   -5.6     -5.5     51846            63424           300       2.2     358.7  
S0304   -15.5    3.0      24657            41429           300       1.5     72.1   
S0305   17.0     -3.6     24567            32957           300       2.3     194.4  
S0306   -10.8    14.4     55065            64800           300       1.2     229.7  
S0307   -17.0    18.4     51921            64800           300       2.8     205.7  
S0308   -2.8     17.8     27532            44823           300       1.2     322.3  
S0309   -15.8    -6.3     41479            61669           300       2.0     246.0  
S0310   -2.7     -15.2    25281            43677           300       1.9     82.6   
S0311   -15.8    12.9     27729            44980           300       1.9     191.5  
S0312   -2.4     -19.5    27074            37728           300       2.7     228.3  
S0313   2.2      7.2      30900            42649           300       0.9     61.4   
S0314   -6.0     -12.1    52042            63913           300       1.4     302.5  
S0315   -19.9    -17.3    51950            63143           300       1.2     399.5  
S0316   1.2      7.2      49437            56778           300       2.3     252.7  
S0317   9.8      7.0      35614            51196           300       2.7     379.3  
S0318   2.9      11.0     26881            37584           300       2.2     111.0  
S0319   8.7      -16.6    26160            46891           300       0.9     69.3   
S0320   -4.2     -14.8    53785            64800           300       0.8     294.3  
S0321   -2.3     -3.8     27271            47243           300       1.6     82.0   
S0322   4.4      0.3      52001            64800           300       2.3     357.1  
S0323   5.1      12.2     35524            51134           300       3.0     264.9  
S0324   6.3      19.3     46404            64800           300       1.7     341.2  
S0325   -1.8     -10.1    51251            64800           300       1.0     300.8  
S0326   -10.8    -14.8    40345            54636           300       1.3     233.9  
S0327   12.5     1.6      30006            47192           300       2.3     81.9   
S0328   6.4      -5.0     36477            49782           300       2.9     289.3  
S0329   5.7      3.3      51722            64800           300       0.9     395.3  
S0330   -0.0     -13.4    41611            56026           300       2.3     178.7  
S0331   -15.5    2.3      39253            53260           300       2.8     292.9  
S0332   3.6      -16.3    33207            40570           300       2.0     158.2  
S0333   -14.7    -10.8    56050            64800           300       1.0     262.9  
S0334   19.1     -6.1     31432            50703           300       1.1     157.3  
S0335   11.9     -1.1     52948            64800           300       2.0     340.3  
S0336   17.3     -11.2    37556            55959           300       2.8     154.8  
S0337   -10.3    -1.8     56086            64800           300       0.8     283.8  
S0338   -11.0    -14.8    44183            53822           300       3.0     160.8  
S0339   13.9     -1.9     54405            64800           300       1.6     115.2  
S0340   -4.3     -2.4     52684            62924           300       1.9     59.8   
S0341   -0.3     -4.8     41060            59174           300       2.1     101.4  
S0342   -4.6     -17.5    49836            62354           300       3.0     300.8  
S0343   13.6     0.4      22205            32125           300       2.1     55.0   
S0344   0.1      -9.5     37861            48277           300       1.5     292.8  
S0345   6.3      -12.6    32616            46975           300       3.0     122.8  
S0346   7.3      15.1     37427            53752           300       2.4     228.5  
S0347   1.1      -3.8     26036            35578           300       2.3     357.5  
S0348   2.1      17.8     22650            34217           300       1.1     146.2  
S0349   -2.9     14.0     51508            64800           300       1.3     201.9  
S0350   0.7      -5.6     47780            64242           300       0.6     170.8  
S0351   17.0     -13.6    46116            62396           300       2.1     338.1  
S0352   19.8     12.8     43510            62428           300       1.7     65.0   
S0353   2.7      19.7     51097            64800           300       0.8     288.0  
S0354   -8.5     17.2     35918            43619           300       0.6     273.5  
S0355   4.8      14.8     29223            36479           300       0.9     202.4  
S0356   -15.9    -18.1    47512            64800           300       0.8     396.2  
S0357   -17.7    -16.4    32876            54440           300       1.0     83.7   
S0358   -12.4    16.3     56622            64800           300       0.8     69.6   
S0359   6.7      -11.5    46619            55452           300       2.4     324.5  
S0360   0.1      3.2      37134            50038           300       2.4     178.4  
S0361   6.0      0.1      52260            64800           300       1.8     112.1  
S0362   -18.9    -13.9    33142            48410           300       2.7     347.7  
S0363   19.6     -16.4    23103            34279           300       0.6     250.3  
S0364   -12.4    -11.7    53180            61968           300       1.9     243.8  
S0365   11.7     6.0      53176            64800           300       2.2     186.9  
S0366   -0.7     0.7      36649            47727           300       2.3     231.4  
S0367   11.3     14.0     30837            48817           300       1.7     92.5   
S0368   9.2      -12.5    23828            38031           300       1.6     267.4  
S0369   4.8      -7.9     28675            45725           300       0.9     70.5   
S0370   -4.9     -11.7    50458            64800           300       3.0     348.6  
S0371   9.6      15.2     49759            61221           300       1.9     55.5   
S0372   8.6      13.0     48476            62064           300       1.9     153.3  
S0373   -19.6    -18.5    33729            44801           300       1.3     284.7  
S0374   -10.0    5.6      39538            60834           300       2.4     312.8  
S0375   -6.7     7.8      22564            31117           300       1.9     154.3  
S0376   15.4     12.0     43853            59664           300       0.7     222.6  
S0377   -9.3     17.5     43473            59320           300       0.7     310.3  
S0378   15.7     12.2     43465            54360           300       1.8     68.0   
S0379   -1.0     -8.5     29322            43181           300       1.6     98.1   
S0380   -19.2    10.9     43695            51206           300       1.7     134.9  
S0381   -13.1    18.8     46450            56482           300       0.7     280.7  
S0382   4.2      3.7      39434            56478           300       1.8     150.6  
S0383   -13.6    -12.3    33690            41444           300       2.8     323.2  
S0384   -2.9     18.6     49280            64800           300       2.9     251.4  
S0385   -3.6     12.7     52584            64800           300       2.0     277.6  
S0386   5.8      5.3      49137            57430           300       1.1     210.1  
S0387   2.7      4.6      46337            61647           300       0.6     194.6  
S0388   10.1     -19.1    27916            48703           300       2.0     382.6  
S0389   -1.9     5.5      48950            64800           300       2.7     139.6  
S0390   5.4      0.2      27117            39196           300       1.1     341.2  
S0391   -13.5    -19.7    42411            55784           300       2.7     151.2  
S0392   17.5     -3.5     39156            56668           300       2.7     345.8  
S0393   -18.6    12.4     31747            50583           300       2.5     85.0   
S0394   13.7     -14.2    36767            48330           300       2.0     178.8  
S0395   -14.1    7.3      48520            64800           300       0.9     83.0   
S0396   -5.1     -18.1    55913            64800           300       0.7     199.7  
S0397   -10.8    14.2     30231            40667           300       0.8     334.6  
S0398   12.3     -9.0     32923            47416           300       2.0     229.2  
S0399   -9.0     -4.4     57033            64800           300       2.5     69.4   
S0400   6.5      2.8      50191            62075           300       1.7     268.7  
S0401   -18.8    -1.1     50492            61538           300       2.0     145.3  
S0402   -11.4    2.9      32964            54483           300       1.1     63.3   
S0403   15.3     -7.1     51457            61430           300       2.9     310.4  
S0404   18.4     19.2     38908            59553           300       1.6     219.5  
S0405   19.8     -12.1    22208            38137           300       2.0     85.5   
S0406   13.7     -18.2    55058            64800           300       2.4     84.8   
S0407   -6.6     5.2      27334            35333           300       2.7     350.1  
S0408   2.2      15.7     57144            64800           300       2.8     206.6  
S0409   -10.1    -12.7    39951            51333           300       0.8     241.2  
S0410   -15.9    12.2     53070            61803           300       0.6     346.4  
S0411   10.8     -3.2     32430            39647           300       1.1     234.7  
S0412   -11.0    8.1      31708            49441           300       1.0     62.9   
S0413   2.3      -0.5     29210            36711           300       2.1     197.3  
S0414   -19.8    19.1     29617            40692           300       2.5     331.5  
S0415   -11.9    -16.6    49172            64800           300       1.4     347.7  
S0416   13.4     -5.4     25269            40774           300       1.5     226.6  
S0417   13.4     5.4      44980            59167           300       2.3     331.4  
S0418   -8.9     -17.8    23338            32042           300       1.1     291.5  
S0419   -0.1     -16.8    35698            50159           300       2.1     190.5  
S0420   18.0     -4.9     35008            51983           300       2.9     112.7  
S0421   2.1      -9.6     30033            40903           300       1.8     245.1  
S0422   -17.0    -6.8     41846            50954           300       0.9     229.4  
S0423   11.8     -3.4     37191            49596           300       1.8     213.0  
S0424   -4.5     8.1      41389            50119           300       2.3     261.2  
S0425   -17.9    -0.3     32456            48215           300       1.6     236.9  
S0426   17.0     -2.8     22983            32590           300       2.7     256.0  
S0427   -15.3    7.2      23408            35708           300       2.6     259.2  
S0428   -9.8     -17.4    38174            49685           300       2.4     73.9   
S0429   7.3      -18.1    26863            34621           300       2.8     243.0  
S0430   -0.4     -14.8    24992            43531           300       2.2     251.6  
S0431   16.3     19.0     30768            42880           300       2.9     362.0  
S0432   2.4      -14.7    46502            62462           300       0.5     331.8  
S0433   -18.8    -16.5    54179            64800           300       0.8     334.5  
S0434   -5.1     12.6     55796            63121           300       0.8     312.9  
S0435   -17.2    15.2     25706            36822           300       1.8     67.1   
S0436   -6.4     -3.0     33324            49088           300       0.9     373.8  
S0437   -13.0    4.6      29375            43916           300       0.5     216.9  
S0438   -5.9     17.1     24588            39247           300       2.2     231.5  
S0439   -19.5    1.1      47075            57477           300       2.1     369.3  
S0440   -15.3    13.1     38311            57942           300       0.7     111.2  
S0441   -13.1    1.1      25218            37669           300       0.7     224.5  
S0442   -3.6     8.6      49440            60846           300       2.3     253.0  
S0443   12.9     15.9     27330            41233           300       0.9     275.2  
S0444   7.7      7.9      36226            47770           300       1.1     295.1  
