//ID    X        Y        EarlyStart(s)    LateStart(s)    Svc(s)    Vol(m3) Wgt(kg)
//--------------------------------------------------------------------------------------
S0001   -15.3    7.8      40079            50012           300       2.4     112.5  
S0002   -12.6    3.0      53331            63850           300       0.8     372.0  
S0003   4.1      -8.7     50545            64800           300       2.4     331.1  
S0004   -19.3    19.0     24463            37066           300       1.6     106.7  
S0005   -19.0    6.4      49845            58226           300       1.7     387.7  
S0006   19.4     2.6      40947            56912           300       2.1     121.0  
S0007   14.8     -9.8     34978            44162           300       2.6     374.3  
S0008   -0.1     13.2     34176            42410           300       1.8     274.2  
S0009   0.0      12.6     48677            59489           300       2.8     167.9  
S0010   -3.6     -12.7    37195            58148           300       2.0     197.4  
S0011   17.4     9.0      53617            64800           300       0.7     316.7  
S0012   18.3     -15.2    51795            64800           300       0.9     362.5  
S0013   -11.5    -7.5     30446            40867           300       2.3     189.5  
S0014   5.9      -5.8     57180            64800           300       1.7     62.3   
S0015   6.3      16.1     32899            49662           300       0.7     155.7  
S0016   -7.0     -4.5     53161            64800           300       0.7     147.6  
S0017   0.4      5.6      26431            39341           300       2.5     374.1  
S0018   2.0      18.6     38903            47938           300       3.0     305.1  
S0019   3.9      6.9      32769            51516           300       1.9     67.8   
S0020   -6.4     0.6      37429            53737           300       2.5     173.3  
S0021   1.1      9.0      26472            35246           300       1.6     248.2  
S0022   -6.5     1.9      52576            64800           300       2.5     267.1  
S0023   -11.2    8.9      32278            46245           300       1.5     395.8  
S0024   -8.4     -8.9     38716            45926           300       0.6     171.8  
S0025   19.2     -9.5     28670            43635           300       1.9     378.4  
S0026   1.8      -7.6     48269            57935           300       2.3     312.9  
S0027   4.3      -7.5     31405            41346           300       1.2     120.1  
S0028   18.3     -2.5     30580            45492           300       2.7     268.2  
S0029   -2.9     1.6      54997            64800           300       2.7     381.9  
S0030   0.1      -17.7    34566            50728           300       1.8     262.9  
S0031   10.0     8.2      36758            44219           300       3.0     247.8  
S0032   -10.7    -17.4    53095            64607           300       1.2     328.9  
S0033   13.7     -6.5     42310            59014           300       1.0     179.9  
S0034   19.9     -18.3    37925            45977           300       1.5     339.5  
S0035   -3.7     -2.8     50016            64800           300       1.6     379.7  
S0036   3.3      14.7     32655            48427           300       1.3     283.2  
S0037   -14.5    17.4     37929            53433           300       2.5     195.5  
S0038   -7.6     10.7     45012            54514           300       2.9     315.2  
S0039   5.5      3.3      28477            48289           300       0.9     338.1  
S0040   -19.7    -7.2     38457            46330           300       0.5     394.8  
S0041   -16.3    17.0     25145            36697           300       2.8     242.3  
S0042   -2.9     -19.9    50547            64800           300       1.0     146.5  
S0043   10.0     14.7     56034            63240           300       2.0     145.7  
S0044   -7.0     -9.9     26628            37833           300       1.7     336.6  
S0045   14.5     -8.6     28916            41119           300       1.3     167.1  
S0046   -16.6    -15.0    56977            64800           300       2.4     75.3   
S0047   -1.9     -3.8     40902            57564           300       1.3     154.7  
S0048   -8.6     -1.5     56353            64800           300       2.6     229.1  
S0049   9.7      -13.6    25337            33087           300       2.8     187.6  
S0050   -8.6     16.1     25456            38630           300       0.6     282.1  
S0051   -4.6     -12.6    52704            64207           300       1.7     220.0  
S0052   1.4      0.1      40594            61736           300       1.7     141.2  
S0053   -0.8     13.6     40074            50922           300       0.8     369.5  
S0054   -18.6    0.1      40260            53085           300       2.2     234.2  
S0055   -19.2    3.9      41483            62574           300       0.7     346.7  
S0056   0.3      2.3      32652            48671           300       3.0     365.6  
S0057   10.3     10.3     38889            53611           300       1.9     149.3  
S0058   -5.8     -3.3     52562            63842           300       2.7     83.0   
S0059   -11.2    8.4      50787            62341           300       1.9     177.3  
S0060   -19.0    9.8      55927            64800           300       0.9     329.4  
S0061   12.2     6.1      31997            41548           300       0.7     245.2  
S0062   -16.9    -7.1     57138            64800           300       0.7     332.8  
S0063   -7.4     12.4     32711            46555           300       1.5     253.7  
S0064   14.9     8.2      23690            38047           300       1.8     275.5  
S0065   -8.2     8.5      30284            47504           300       0.7     196.8  
S0066   0.2      8.7      27182            43620           300       0.7     75.8   
S0067   6.8      -9.0     55607            64800           300       1.7     54.3   
S0068   3.4      3.9      41393            59638           300       2.3     255.6  
S0069   15.6     -13.5    41600            60024           300       2.1     142.9  
S0070   12.3     -6.5     25058            45580           300       1.6     312.6  
S0071   -16.2    18.8     51412            59300           300       2.9     317.2  
S0072   -2.5     18.7     37001            46988           300       2.4     160.6  
S0073   7.7      7.6      32963            43744           300       2.8     331.7  
S0074   17.6     14.9     29532            50968           300       1.0     310.1  
S0075   -4.3     -8.4     32357            51954           300       2.5     55.5   
S0076   -19.3    -19.4    33248            51613           300       2.9     279.7  
S0077   17.6     -15.5    35557            44706           300       0.7     158.2  
S0078   16.0     4.5      57531            64800           300       2.3     184.5  
S0079   1.2      -6.6     23246            30702           300       1.3     215.7  
S0080   8.7      17.2     52375            64800           300       1.4     323.2  
S0081   -18.5    17.3     27954            45104           300       0.8     144.3  
S0082   -3.4     15.2     54578            64800           300       1.0     238.4  
S0083   6.3      -19.6    22008            40717           300       2.2     362.6  
S0084   -11.0    16.3     53985            64800           300       1.4     168.9  
S0085   11.0     8.4      41438            60604           300       2.8     312.1  
S0086   0.9      -17.0    43204            54521           300       1.2     323.0  
S0087   -11.1    -0.2     26317            39675           300       2.9     101.7  
S0088   -3.5     -8.4     37379            47674           300       2.2     295.1  
S0089   -7.4     9.9      36667            50418           300       2.9     105.6  
S0090   -19.0    -10.8    25894            41026           300       2.4     251.4  
S0091   18.5     -15.8    44090            54692           300       1.8     66.2   
S0092   -19.6    -14.4    48691            59116           300       0.9     397.1  
S0093   18.9     -10.5    43231            54554           300       2.9     235.2  
S0094   0.9      6.4      50434            64800           300       2.8     88.8   
S0095   -4.4     4.1      27757            48046           300       2.6     158.0  
S0096   -16.8    -13.2    37115            47344           300       2.2     347.9  
S0097   -4.1     13.1     39873            54137           300       2.3     258.4  
S0098   2.6      -9.7     26320            46094           300       1.8     158.3  
S0099   10.2     15.3     37559            46684           300       2.1     284.3  
S0100   6.6      4.2      29237            43979           300       0.5     255.5  
S0101   -16.9    0.7      35034            47471           300       1.9     115.3  
S0102   -0.8     -1.8     56924            64800           300       2.0     263.1  
S0103   -15.5    -9.4     39465            60971           300       2.5     75.9   
S0104   16.2     19.6     38670            59231           300       0.7     392.4  
S0105   -4.5     -19.0    42949            57623           300       2.8     207.6  
S0106   3.8      7.5      48997            61624           300       0.9     144.6  
S0107   -9.2     12.9     31384            42966           300       1.4     160.9  
S0108   0.9      -2.4     45669            58825           300       1.4     76.6   
S0109   2.2      16.4     31424            48972           300       1.7     202.8  
S0110   15.9     -5.5     45913            64800           300       2.2     170.4  
S0111   15.4     15.4     26331            44692           300       0.9     146.4  
S0112   16.8     -17.3    23019            42435           300       2.0     112.0  
S0113   -14.9    -7.1     38635            56865           300       2.9     197.8  
S0114   5.6      -14.6    48124            64800           300       2.1     373.8  
S0115   16.4     -11.6    34248            46613           300       1.9     82.4   
S0116   19.2     4.6      45346            60386           300       0.6     261.7  
S0117   -6.8     10.7     29670            37127           300       2.7     104.3  
S0118   -16.9    -14.2    27840            44299           300       0.6     398.4  
S0119   17.4     -2.8     40380            57931           300       2.5     144.8  
S0120   -8.4     -5.7     41951            63254           300       1.1     65.6   
S0121   13.5     -17.7    24853            35785           300       1.5     354.1  
S0122   -11.5    -0.8     43531            62864           300       2.5     389.5  
S0123   6.5      -16.9    49394            63806           300       2.6     283.1  
S0124   10.4     -1.2     31690            50478           300       0.6     388.0  
S0125   -16.0    1.7      46781            60465           300       2.9     236.4  
S0126   0.9      17.1     41622            57047           300       1.1     67.1   
S0127   18.7     13.3     56585            64800           300       1.3     322.0  
S0128   0.1      17.4     28154            37235           300       1.5     78.6   
S0129   -12.1    10.4     25253            32738           300       3.0     149.1  
S0130   3.1      -7.2     43530            62006           300       1.2     259.3  
S0131   -2.5     8.7      51840            63891           300       1.8     250.2  
S0132   -6.5     15.8     30939            50570           300       1.8     362.1  
S0133   12.4     17.5     23831            31453           300       2.6     193.4  
S0134   14.5     0.0      27458            45727           300       1.7     80.8   
S0135   -5.5     2.3      39323            56629           300       2.2     159.8  
S0136   4.8      -13.3    47946            60437           300       2.6     82.9   
S0137   -5.7     -17.9    25982            41695           300       1.6     246.4  
S0138   -2.8     20.0     53134            64800           300       1.5     241.8  
S0139   -4.0     -1.2     43357            63734           300       0.5     225.4  
S0140   13.0     -10.4    24117            36177           300       1.7     68.8   
S0141   16.2     12.4     52488            61631           300       1.9     76.3   
S0142   5.5      18.9     52555            64800           300       1.3     89.4   
S0143   18.9     -18.2    45101            63917           300       0.7     77.9   
S0144   17.0     6.6      43549            64599           300       0.9     248.9  
S0145   6.9      0.8      45795            58611           300       0.8     209.0  
S0146   17.0     15.2     41710            54697           300       1.8     394.2  
S0147   4.5      3.1      29298            39147           300       1.8     238.0  
S0148   11.4     -12.1    30773            51773           300       1.2     358.5  
S0149   -8.0     9.2      42209            63273           300       2.9     62.2   
S0150   -0.5     6.0      55832            64800           300       0.6     68.7   
S0151   -19.6    -19.2    23865            31968           300       2.6     173.9  
S0152   2.7      -1.6     47074            60116           300       2.5     145.6  
S0153   -13.0    0.5      32245            47376           300       2.9     348.1  
S0154   8.9      12.7     50848            63564           300       2.7     225.9  
S0155   3.5      -9.7     22636            30741           300       1.1     242.9  
S0156   8.2      -14.0    49082            64800           300       1.7     247.2  
S0157   -13.7    -4.7     25845            43599           300       0.9     235.1  
S0158   1.6      -12.9    49902            59922           300       1.6     369.8  
S0159   8.6      17.3     35610            43121           300       2.0     311.0  
S0160   -15.5    -20.0    56551            64800           300       2.2     247.9  
S0161   -18.4    -9.8     31384            50954           300       1.3     325.4  
S0162   19.0     -16.9    56572            64800           300       1.3     339.9  
S0163   2.8      -5.4     26739            46390           300       2.9     121.9  
S0164   -15.3    12.7     23491            31410           300       1.7     345.7  
S0165   17.4     -10.5    26743            45731           300       1.1     335.1  
S0166   -18.5    -6.9     57044            64800           300       1.3     123.8  
S0167   11.1     18.8     52810            64800           300       2.1     358.2  
S0168   -17.5    16.5     47420            55052           300       1.4     100.6  
S0169   3.3      9.7      22446            36373           300       1.4     159.1  
S0170   -2.7     -15.5    22391            41311           300       2.4     394.3  
S0171   5.7      -11.2    43507            51251           300       2.1     147.5  
S0172   5.0      -14.0    42671            61298           300       1.9     219.4  
S0173   -9.4     -13.8    22778            39833           300       1.1     219.0  
S0174   1.7      18.1     45618            64630           300       2.5     275.7  
S0175   8.6      -3.0     24612            38970           300       1.9     173.1  
S0176   9.4      5.2      33517            43676           300       1.6     133.7  
S0177   1.7      -8.7     47609            60642           300       1.3     272.8  
S0178   -15.3    17.4     36296            46085           300       2.0     398.9  
S0179   19.0     -0.4     44086            61677           300       1.4     142.4  
S0180   -8.1     11.8     53274            62562           300       0.7     218.7  
S0181   6.0      14.6     36367            47684           300       1.3     165.1  
S0182   -11.3    -19.7    21932            31119           300       2.0     109.0  
S0183   5.1      -4.7     28194            46968           300       1.1     56.9   
S0184   -15.0    -7.7     43755            59380           300       2.5     214.2  
S0185   7.1      8.6      34141            44327           300       0.9     111.1  
S0186   -12.3    -19.1    38053            47509           300       1.2     205.6  
S0187   12.3     -10.2    35078            42983           300       2.9     208.5  
S0188   -12.8    5.0      23365            33023           300       1.4     206.4  
S0189   -18.4    -0.7     27721            38805           300       1.7     241.6  
S0190   -18.3    6.0      36330            55858           300       1.5     360.7  
S0191   -15.3    18.7     37055            49088           300       0.6     397.4  
S0192   2.9      6.1      32803            40782           300       1.9     353.9  
S0193   18.1     3.1      57051            64800           300       2.6     186.9  
S0194   19.6     19.1     26758            42814           300       2.8     181.6  
S0195   19.6     1.2      46830            64800           300       1.6     385.3  
S0196   17.5     -15.9    34254            46725           300       1.0     298.0  
S0197   9.4      0.2      37019            51649           300       1.5     144.6  
S0198   17.9     12.9     54675            64800           300       1.5     212.2  
S0199   -10.3    6.2      26870            39157           300       2.9     353.6  
S0200   -4.1     3.6      31907            52836           300       1.3     331.6  
S0201   12.5     13.4     44117            64412           300       1.0     259.7  
S0202   -5.0     -4.3     24704            41192           300       0.8     198.9  
S0203   -12.7    -16.7    49114            64800           300       0.7     183.8  
S0204   11.9     0.2      56658            64800           300       0.8     65.6   
S0205   -10.5    17.4     41527            61019           300       1.2     301.3  
S0206   -10.4    13.0     33676            49825           300       1.8     380.7  
S0207   10.3     -6.0     48736            64800           300       1.1     73.9   
S0208   12.9     14.8     40956            56276           300       1.5     326.8  
S0209   -6.4     16.3     28751            39091           300       2.2     83.3   
S0210   13.6     5.0      22090            30078           300       1.1     106.0  
S0211   -19.6    -18.4    57554            64800           300       3.0     82.7   
S0212   -5.1     -8.4     46706            57041           300       0.5     96.1   
S0213   18.6     -0.7     38480            51797           300       1.9     219.0  
S0214   12.4     10.9     41692            55170           300       2.3     122.5  
S0215   -15.4    -8.9     45465            62356           300       2.5     175.3  
S0216   13.7     -18.2    29818            41494           300       2.3     196.8  
S0217   -8.2     -16.7    55788            64800           300       1.7     148.6  
S0218   -18.5    -2.2     35706            47980           300       1.0     387.4  
S0219   12.2     11.6     49121            60596           300       2.2     157.8  
S0220   -19.3    -16.5    35626            44367           300       1.5     80.9   
S0221   17.4     -18.9    42616            63267           300       0.6     300.2  
S0222   18.7     19.9     38667            50265           300       1.7     197.8  
S0223   14.9     14.0     29114            38562           300       0.7     351.0  
S0224   13.9     -2.1     44044            62694           300       2.0     369.4  
S0225   -7.7     4.2      54220            64800           300       2.6     285.0  
S0226   6.5      10.2     39720            51966           300       2.2     54.7   
S0227   8.2      -9.0     27859            48064           300       2.8     206.0  
S0228   10.9     -14.9    45530            56000           300       2.1     300.7  
S0229   14.3     8.9      35362            47864           300       0.6     129.4  
S0230   16.2     8.0      41469            62288           300       2.1     132.0  
S0231   1.6      -16.9    29631            38539           300       1.8     109.1  
S0232   -13.4    -17.9    44417            52095           300       3.0     58.6   
S0233   11.1     -19.7    41428            58738           300       2.2     369.9  
S0234   14.6     14.1     25065            36893           300       2.3     97.6   
S0235   -9.6     -4.1     39698            53886           300       2.8     209.6  
S0236   -16.5    -16.3    46720            64480           300       0.8     158.7  
S0237   -9.9     -0.7     28383            42180           300       0.7     328.0  
S0238   -13.5    -0.5     40026            54194           300       2.6     249.3  
S0239   -20.0    -12.5    36258            47952           300       1.9     185.1  
S0240   14.4     -3.8     49832            64800           300       1.1     149.7  
S0241   -12.5    -2.2     53317            64800           300       1.3     135.3  
S0242   4.1      16.6     53012            64800           300       1.1     264.8  
S0243   12.9     -4.6     34407            48594           300       1.3     78.3   
S0244   13.5     7.7      35099            44938           300       2.6     101.1  
S0245   -0.0     8.2      32324            41119           300       1.5     106.7  
S0246   2.2      2.9      26793            45451           300       0.8     139.1  
S0247   -19.3    0.3      34556            44403           300       2.6     105.1  
S0248   -4.1     18.0     44143            61433           300       2.4     337.4  
S0249   16.2     -14.3    50049            64800           300       2.4     396.8  
S0250   5.5      8.6      33728            51666           300       1.7     128.4  
S0251   -6.9     -11.2    49598            59422           300       0.9     138.0  
S0252   -5.1     -2.4     45417            62840           300       2.1     52.4   
S0253   17.8     -0.8     50562            64537           300       2.6     236.5  
S0254   -1.8     10.5     44431            54757           300       0.5     354.3  
S0255   0.6      11.9     35146            43705           300       2.0     66.9   
S0256   -17.5    -1.3     35908            45040           300       3.0     136.7  
S0257   9.1      -12.8    38317            53924           300       1.5     68.2   
S0258   -16.7    8.0      38274            51228           300       1.8     75.1   
S0259   -8.0     0.4      39361            58982           300       0.6     80.5   
S0260   2.1      -2.0     37577            53030           300       0.8     180.4  
S0261   -0.1     5.9      29099            44228           300       0.5     244.6  
S0262   -3.9     1.4      32404            42252           300       2.2     228.3  
S0263   2.6      1.4      28101            44100           300       1.5     343.1  
S0264   -12.0    -0.9     37142            52220           300       2.6     177.2  
S0265   6.3      -9.4     40937            55736           300       1.6     212.1  
S0266   6.9      18.7     28338            39457           300       0.9     55.4   
S0267   -13.7    -4.2     44251            57997           300       2.0     117.1  
S0268   -16.9    -10.4    46137            64800           300       0.5     91.8   
S0269   -7.6     -3.4     42835            53014           300       1.2     79.3   
S0270   -4.1     12.8     31197            44745           300       0.7     184.7  
S0271   -6.4     17.0     30696            41047           300       1.4     246.1  
S0272   8.3      10.1     27603            44568           300       2.0     273.7  
S0273   9.6      -12.8    43033            64084           300       0.6     214.4  
S0274   -11.8    11.6     24422            42026           300       1.4     306.4  
S0275   -14.2    -5.4     53302            64800           300       1.6     125.3  
S0276   0.4      12.1     39479            57484           300       1.3     350.2  
S0277   -0.1     -1.7     53739            64800           300       1.5     125.7  
S0278   -4.3     -9.6     55282            64800           300       1.0     201.2  
S0279   -2.5     2.4      32749            49174           300       2.2     185.2  
S0280   -6.9     -5.9     43946            61406           300       1.4     309.2  
S0281   16.9     -17.7    40574            52745           300       1.4     309.2  
S0282   11.7     7.1      30389            48228           300       1.4     305.7  
S0283   -0.3     -15.7    54108            64800           300       2.8     357.8  
S0284   12.2     0.7      55075            63356           300       2.4     141.4  
S0285   18.8     6.4      24647            45686           300       2.2     192.4  
S0286   12.6     -15.3    23576            40279           300       2.8     175.9  
S0287   -7.6     -18.8    35311            51363           300       2.3     281.2  
S0288   5.1      12.7     51049            58411           300       2.0     249.8  
S0289   -10.8    8.5      42589            62988           300       1.3     265.7  
S0290   16.1     -13.8    51605            63033           300       1.5     348.4  
S0291   4.4      9.1      23480            41816           300       1.3     375.3  
S0292   -8.0     3.8      41946            50710           300       1.1     52.3   
S0293   13.4     17.5     23320            30698           300       2.8     274.5  
S0294   -14.9    -17.3    55415            64800           300       2.9     334.3  
S0295   10.5     17.1     23465            43042           300       2.3     291.7  
S0296   12.4     -3.8     32896            52378           300       1.1     250.2  
S0297   11.9     5.1      45366            63790           300       2.9     239.3  
S0298   -8.3     10.4     52412            64800           300       1.0     76.6   
S0299   -3.3     19.3     40789            55448           300       2.9     301.0  
S0300   -4.0     -13.9    24955            34806           300       1.7     114.4  
S0301   19.3     13.1     29490            45776           300       2.5     389.4  
S0302   11.4     1.3      27316            37606           300       2.8     249.5  
S0303   7.8      -19.5    35636            46516           300       2.2     89.8   
S0304   6.6      1.6      39196            60708           300       2.5     145.3  
S0305   -0.7     -5.8     31660            43971           300       1.7     73.8   
S0306   -6.2     16.1     52001            64800           300       2.6     280.7  
S0307   -14.2    -4.9     52541            60582           300       1.1     179.6  
S0308   -1.4     -15.2    42661            62809           300       1.8     152.4  
S0309   9.9      9.4      48870            57402           300       0.8     364.4  
S0310   -16.5    -6.3     37430            49725           300       2.1     387.5  
S0311   3.5      -0.0     43659            64381           300       2.3     373.6  
S0312   -7.4     13.4     39083            54885           300       0.8     162.5  
S0313   -15.4    -3.1     32803            53247           300       0.5     80.6   
S0314   -3.9     4.4      27034            45252           300       2.4     376.3  
S0315   -14.1    -11.6    46843            64800           300       1.6     316.3  
S0316   5.1      1.9      29174            38040           300       2.1     114.8  
S0317   12.5     -18.0    44103            58651           300       1.0     198.4  
S0318   10.1     13.8     22309            32847           300       2.6     376.9  
S0319   -4.2     9.8      49002            58626           300       0.6     223.0  
S0320   3.8      -5.4     34365            46073           300       1.9     224.1  
S0321   5.6      -19.2    56315            64800           300       1.3     108.3  
S0322   -16.4    -7.9     55711            64800           300       2.7     150.5  
S0323   5.6      19.8     39768            48726           300       2.5     303.3  
S0324   0.9      -17.3    34669            46671           300       0.9     250.6  
S0325   8.7      1.9      53160            64800           300       1.9     302.0  
S0326   -9.5     9.5      51653            64800           300       1.8     189.4  
S0327   13.3     11.1     27305            44482           300       2.2     108.2  
S0328   -12.0    -17.6    27936            43097           300       1.8     199.1  
S0329   7.0      -19.2    44537            61747           300       2.6     103.4  
S0330   10.5     -15.1    21669            40850           300       1.0     107.7  
S0331   -6.2     12.4     52577            64800           300       2.1     132.0  
S0332   -12.8    0.5      55495            64800           300       0.9     385.2  
S0333   6.0      9.4      48028            55985           300       0.9     312.7  
S0334   -9.3     -8.8     50207            58921           300       0.5     355.2  
S0335   -9.3     -2.4     32965            43908           300       0.7     139.7  
S0336   17.8     -4.8     50499            64800           300       1.7     50.4   
S0337   -10.2    -14.5    34783            43827           300       1.2     199.0  
S0338   0.4      -1.7     54115            64800           300       1.3     82.4   
S0339   -1.7     -1.1     26558            47778           300       2.5     226.6  
S0340   2.3      19.2     34245            48303           300       2.7     84.1   
S0341   -4.4     -16.2    22259            40490           300       1.5     164.6  
S0342   5.0      5.9      32503            50471           300       2.2     224.1  
S0343   5.7      -15.2    35030            42568           300       2.1     240.9  
S0344   10.3     6.2      27027            45390           300       2.6     309.9  
S0345   8.8      -8.4     29550            38340           300       1.2     208.4  
S0346   -3.6     6.4      25712            34579           300       2.0     73.9   
S0347   -1.0     5.6      42395            63105           300       0.6     120.7  
S0348   -1.3     14.8     40323            49422           300       1.5     182.9  
S0349   2.6      -5.3     27011            45416           300       1.6     183.7  
S0350   13.8     2.5      57590            64800           300       0.5     372.9  
S0351   -13.6    -7.5     41241            57107           300       2.1     255.9  
S0352   -8.8     9.8      55103            64800           300       2.9     253.4  
S0353   -10.4    -2.8     33705            41242           300       1.8     236.7  
S0354   17.6     -13.9    50658            58922           300       0.7     347.3  
S0355   9.3      -12.2    24770            42464           300       2.4     136.9  
S0356   14.7     5.6      55778            64800           300       0.7     296.7  
S0357   3.9      -6.6     52763            64800           300       1.2     215.4  
S0358   -19.4    -0.5     30656            40992           300       1.4     293.7  
S0359   7.2      -0.1     46023            64800           300       0.5     200.5  
S0360   -13.8    16.1     27927            37563           300       0.9     333.2  
S0361   -15.4    -2.3     31348            51689           300       1.3     359.8  
S0362   9.5      -4.5     24431            45151           300       1.8     378.2  
S0363   8.5      2.3      29149            48546           300       0.7     367.1  
S0364   10.3     -7.8     48766            57619           300       2.3     311.9  
S0365   -19.3    10.6     25360            42393           300       2.9     327.5  
S0366   -0.7     -19.3    36286            54609           300       2.0     89.0   
S0367   -18.0    -17.0    41083            51272           300       2.8     243.7  
S0368   -3.1     19.4     33352            54867           300       1.4     114.6  
S0369   19.2     14.2     32624            53186           300       2.7     209.7  
S0370   -15.6    -6.2     39118            52957           300       2.4     162.6  
S0371   -0.6     9.4      31544            48106           300       2.0     89.1   
S0372   -12.3    18.8     41591            53967           300       3.0     300.5  
S0373   19.3     -2.9     34324            53043           300       0.5     122.0  
S0374   15.2     -10.3    26324            34471           300       1.5     283.1  
S0375   11.7     -6.5     49551            57431           300       2.5     101.1  
S0376   2.4      -2.8     47232            56152           300       0.6     198.9  
S0377   10.6     -1.6     43136            53145           300       1.2     91.8   
S0378   -20.0    2.1      53014            62095           300       1.6     143.6  
S0379   13.9     -8.4     37052            57626           300       2.7     140.3  
S0380   -15.5    16.0     50443            64800           300       1.8     382.9  
S0381   -11.2    -4.6     42969            50524           300       1.3     73.5   
S0382   -9.5     -11.6    27243            41007           300       0.6     251.1  
S0383   15.7     9.5      23645            35992           300       2.7     55.1   
S0384   -15.4    4.1      46959            61641           300       2.3     254.7  
S0385   6.8      -14.6    27463            43394           300       2.9     97.4   
S0386   -7.4     13.0     49661            64800           300       3.0     300.7  
S0387   19.5     0.6      56404            64800           300       2.7     360.2  
S0388   -19.8    15.2     49017            61758           300       0.5     54.6   
S0389   8.5      18.5     27858            39945           300       2.2     352.5  
S0390   -3.6     12.2     38887            51219           300       2.6     50.2   
S0391   4.7      16.6     26882            43216           300       1.7     306.1  
S0392   18.5     -2.1     28579            46046           300       1.3     66.0   
S0393   10.0     -4.6     28070            44270           300       2.9     60.5   
S0394   11.7     -13.7    56601            64314           300       1.7     79.0   
S0395   10.7     -0.1     42603            59616           300       2.4     398.3  
S0396   5.7      17.1     43327            55369           300       0.6     78.9   
S0397   13.6     -16.1    27409            40682           300       2.3     377.1  
S0398   4.9      4.2      40369            50335           300       2.3     377.7  
S0399   3.7      -10.5    42614            50303           300       0.9     345.6  
S0400   4.9      2.4      53323            64800           300       1.2     92.0   
S0401   12.3     -1.7     38369            48081           300       0.6     149.8  
S0402   13.8     1.3      29185            44905           300       3.0     229.8  
S0403   17.7     15.6     47883            57533           300       2.1     372.0  
S0404   -5.9     3.5      23931            34968           300       1.7     335.3  
S0405   12.1     17.8     54568            64083           300       1.5     324.6  
S0406   1.3      4.0      38925            57884           300       1.6     368.4  
S0407   3.2      13.3     51764            59593           300       0.8     130.3  
S0408   -12.6    -16.7    49940            57157           300       1.9     222.4  
S0409   6.9      -19.2    35258            45694           300       1.2     218.3  
S0410   -18.3    1.6      31180            42457           300       1.6     363.7  
S0411   17.4     0.7      30782            42126           300       0.9     398.2  
S0412   3.6      -6.3     39085            48041           300       1.3     399.9  
S0413   2.0      19.6     50571            64601           300       1.9     323.8  
S0414   9.4      11.3     40164            58520           300       1.1     378.5  
S0415   6.4      -5.3     26999            34929           300       2.8     372.9  
S0416   11.0     -16.3    45550            64364           300       2.4     50.5   
S0417   -16.6    11.0     51027            64800           300       2.3     325.7  
S0418   -13.4    -18.1    28752            47315           300       2.7     112.5  
S0419   17.3     -12.6    21968            36023           300       1.7     207.4  
S0420   11.5     17.1     34834            50324           300       2.1     274.2  
S0421   1.0      -19.4    36427            48076           300       2.0     132.8  
S0422   -7.4     -19.8    31675            39004           300       1.8     194.7  
S0423   12.3     -18.3    52602            64800           300       2.7     53.7   
S0424   3.6      -7.3     45798            64003           300       2.3     219.3  
S0425   9.8      -0.8     26607            44994           300       2.2     384.3  
S0426   -19.7    -4.8     43523            56419           300       0.9     328.3  
S0427   -2.2     -8.0     55850            63643           300       1.3     137.6  
S0428   8.6      0.6      44937            64375           300       0.5     162.1  
S0429   17.4     6.3      50972            64800           300       2.5     98.4   
S0430   0.9      6.5      25208            41139           300       1.9     339.8  
S0431   -19.4    1.6      26198            40362           300       0.6     194.6  
S0432   18.3     -4.2     44876            58536           300       2.4     290.7  
S0433   -9.2     -10.1    51857            64800           300       0.7     114.3  
S0434   -6.0     8.3      43196            64019           300       1.0     137.2  
S0435   6.0      -13.4    54071            64800           300       2.4     345.2  
S0436   14.2     -15.2    30929            40043           300       2.9     387.3  
S0437   -3.4     -2.2     25231            38604           300       2.7     78.1   
S0438   -11.4    -19.0    29699            48776           300       2.4     239.6  
S0439   -1.3     18.1     32006            40126           300       2.8     272.8  
S0440   18.4     -19.4    52718            64800           300       1.5     216.8  
S0441   -16.4    -14.8    29178            41522           300       0.8     237.2  
S0442   11.0     3.8      49170            64800           300       2.0     105.2  
S0443   -17.4    -17.7    45761            60957           300       2.4     51.5   
S0444   0.2      6.6      29833            48908           300       1.9     176.2  
S0445   -10.8    0.3      35895            53468           300       0.6     94.1   
S0446   11.7     -8.0     45313            63783           300       2.8     397.4  
S0447   -1.9     14.1     39686            56223           300       0.6     341.9  
S0448   1.3      4.9      44442            51744           300       2.0     338.2  
S0449   2.1      -7.8     24206            40911           300       2.9     317.3  
S0450   -9.1     17.1     40283            50980           300       0.6     156.2  
S0451   -2.7     -1.6     56692            64800           300       0.9     138.9  
S0452   5.5      0.8      39565            53332           300       2.1     72.0   
S0453   -4.1     -4.9     31464            38729           300       1.4     276.3  
S0454   9.5      11.6     27578            42778           300       0.7     63.4   
S0455   19.0     -16.3    42287            62796           300       2.6     313.8  
S0456   -15.7    2.2      29087            42698           300       1.7     165.0  
S0457   10.4     -3.4     56623            64800           300       2.9     304.2  
S0458   10.8     6.7      35213            51289           300       2.8     224.4  
S0459   14.4     -17.2    30490            48049           300       1.4     240.9  
S0460   7.8      1.6      44894            53695           300       0.5     231.4  
S0461   -3.1     2.5      52498            64800           300       2.3     188.3  
S0462   -19.3    7.1      22419            36204           300       2.5     174.5  
S0463   -9.2     18.9     50267            64800           300       1.9     191.7  
S0464   -11.3    10.6     34156            48909           300       1.0     136.7  
S0465   15.0     14.1     36320            45294           300       0.7     313.8  
S0466   -17.8    -14.0    25343            35387           300       2.2     157.9  
S0467   2.7      -3.5     40028            48422           300       1.7     113.4  
S0468   15.3     13.2     29562            38056           300       1.9     245.1  
S0469   -1.0     12.6     45385            58043           300       2.6     168.7  
S0470   17.6     -7.4     57460            64800           300       2.6     73.2   
S0471   6.8      13.9     41254            55481           300       1.0     234.1  
S0472   5.0      1.9      52142            64131           300       2.8     146.5  
S0473   19.5     -17.9    32130            43927           300       1.4     271.8  
S0474   10.2     14.7     34184            47669           300       2.8     379.1  
S0475   12.8     -11.4    56774            64800           300       2.5     107.4  
S0476   4.6      12.2     22207            42090           300       1.3     257.1  
S0477   -12.0    -9.2     57567            64800           300       2.6     57.1   
S0478   -11.1    -17.6    36451            54556           300       1.1     57.9   
S0479   2.4      -6.0     34794            51871           300       2.2     115.1  
S0480   15.2     14.3     22453            42503           300       2.9     247.7  
S0481   8.8      -16.6    48889            62005           300       1.4     85.7   
S0482   -9.6     18.6     28638            49650           300       2.1     345.1  
S0483   15.1     15.1     39682            49020           300       2.1     205.6  
S0484   -12.5    -8.6     36011            45086           300       1.1     98.9   
S0485   1.7      15.1     41223            60028           300       0.9     210.7  
S0486   -5.9     -18.4    46501            61485           300       2.2     197.5  
S0487   -6.2     10.3     22785            42463           300       2.0     85.2   
S0488   -5.0     -13.0    43630            57715           300       1.6     303.7  
S0489   -13.5    -15.8    57510            64800           300       1.5     393.2  
S0490   14.0     15.4     41335            49341           300       2.2     337.0  
S0491   -18.5    6.5      21723            34018           300       1.4     318.2  
S0492   13.7     6.0      45501            57921           300       0.9     240.8  
S0493   -10.9    12.5     33779            51305           300       2.3     357.1  
S0494   1.2      -5.4     33731            52268           300       2.1     288.2  
S0495   6.1      -11.0    27014            44379           300       2.1     223.9  
S0496   -7.7     -18.6    43849            58052           300       0.7     324.8  
S0497   15.1     -2.0     46254            60412           300       1.9     176.5  
S0498   -6.3     15.5     38186            47456           300       0.8     297.4  
S0499   -15.7    -1.4     37082            47357           300       2.8     73.8   
S0500   10.1     -6.9     45204            62094           300       1.6     398.5  
S0501   11.6     11.5     30646            41059           300       1.7     313.9  
S0502   9.9      7.2      36834            54976           300       0.6     310.7  
S0503   -10.9    15.1     24531            33750           300       0.8     262.7  
S0504   -14.6    4.0      52756            62516           300       0.9     177.5  
S0505   -19.9    -2.2     22033            31307           300       2.9     217.7  
S0506   -18.3    -4.6     29614            49832           300       1.2     370.9  
S0507   16.3     -8.7     52620            64800           300       2.4     278.2  
S0508   6.8      -14.5    46127            57473           300       1.2     124.5  
S0509   -8.0     -2.9     53314            64800           300       1.0     396.0  
S0510   12.1     -16.2    57544            64800           300       2.8     138.9  
S0511   -11.0    19.2     46723            60020           300       0.9     93.8   
S0512   -4.5     18.2     33149            47550           300       2.4     235.5  
S0513   7.9      -11.1    26962            48155           300       2.6     109.0  
S0514   14.0     -7.8     54393            62846           300       0.8     189.6  
S0515   3.3      9.0      24537            43617           300       2.2     250.1  
S0516   -12.3    -10.3    33034            49585           300       2.4     196.3  
S0517   -12.2    -14.0    40042            57864           300       2.5     115.4  
S0518   -8.0     13.7     54941            64800           300       1.2     135.4  
S0519   14.0     8.8      52496            64800           300       0.9     120.1  
S0520   18.3     19.6     31763            41565           300       2.6     81.6   
S0521   -0.2     -16.6    39157            59647           300       1.3     66.5   
S0522   8.6      18.3     27905            36782           300       2.7     335.2  
S0523   15.3     -11.0    54861            64800           300       2.3     382.1  
S0524   16.5     10.3     38694            55389           300       1.8     205.8  
S0525   12.8     -10.9    37376            54393           300       1.4     169.8  
S0526   17.4     -9.3     21958            34064           300       2.6     159.1  
S0527   2.7      -8.8     34453            46625           300       2.5     335.8  
S0528   -10.3    -18.5    56037            64800           300       2.4     156.5  
S0529   -8.3     -10.7    32091            51338           300       0.8     338.2  
S0530   15.9     -17.1    54142            64800           300       2.5     394.1  
S0531   6.5      10.3     53458            64800           300       2.8     111.4  
S0532   17.3     -9.9     29281            38783           300       2.1     88.4   
S0533   5.1      17.6     37559            45059           300       1.6     200.5  
S0534   5.1      17.0     46027            54604           300       1.0     195.0  
S0535   -6.8     -10.1    27821            46104           300       2.1     267.9  
S0536   8.5      5.4      45984            64800           300       1.9     137.3  
S0537   -19.3    15.8     54663            63055           300       1.1     179.9  
S0538   6.3      19.9     29093            45993           300       0.9     362.2  
S0539   -10.1    -11.4    32690            51476           300       2.4     123.1  
S0540   -0.4     8.0      28697            44146           300       0.8     118.7  
S0541   -14.6    -19.2    24256            39095           300       1.0     289.7  
S0542   -9.1     16.8     43794            52501           300       2.3     305.8  
S0543   0.7      1.9      47409            64092           300       1.3     243.3  
S0544   12.7     -16.9    21972            40904           300       0.8     167.3  
S0545   -10.8    -12.6    35035            51809           300       1.8     212.4  
S0546   -5.6     -9.3     32205            42633           300       1.9     340.3  
S0547   -1.4     11.8     29113            44369           300       1.8     195.0  
S0548   6.2      4.4      46316            56303           300       2.3     288.6  
S0549   -18.1    11.3     51824            64800           300       2.0     253.4  
S0550   -11.8    12.4     41217            54231           300       1.8     143.0  
S0551   3.1      -2.6     42204            51153           300       1.7     336.5  
S0552   -7.5     6.2      38991            50666           300       2.4     294.5  
S0553   -12.1    -12.5    42330            51410           300       2.9     161.9  
S0554   -15.9    18.6     23852            40526           300       1.8     203.2  
S0555   -2.8     -19.7    21712            34712           300       0.7     283.1  
S0556   -5.1     -4.8     34170            48084           300       2.5     68.6   
S0557   -11.4    5.8      26360            33648           300       2.7     324.8  
S0558   5.7      4.7      55262            64800           300       2.5     88.9   
S0559   1.6      -10.3    31050            38427           300       1.1     88.7   
S0560   -4.8     7.7      42527            56200           300       2.9     216.6  
S0561   -12.6    -14.2    56487            64800           300       2.1     169.2  
S0562   -5.7     4.8      33657            46437           300       1.1     306.6  
S0563   -3.9     -12.5    51842            62413           300       1.8     281.1  
S0564   -7.3     -14.0    32640            40378           300       1.1     343.3  
S0565   -8.7     18.3     23370            35258           300       0.7     260.1  
S0566   6.7      13.8     30801            39790           300       1.7     243.9  
S0567   15.5     16.3     39412            47197           300       2.1     76.0   
S0568   -14.0    13.1     21619            40253           300       2.4     112.9  
S0569   -19.7    8.1      42308            56867           300       2.5     296.0  
S0570   -9.7     3.4      31563            51127           300       0.6     190.6  
S0571   -6.0     2.7      48794            61555           300       0.5     277.6  
S0572   -7.9     5.9      22845            44380           300       0.8     296.8  
S0573   -12.3    -8.2     50586            58459           300       0.8     285.1  
S0574   2.0      0.5      22400            38331           300       1.9     206.1  
S0575   -0.8     -0.8     41460            50040           300       2.1     195.1  
S0576   -0.2     -15.0    54969            64323           300       1.1     287.6  
S0577   -16.6    5.2      34995            47558           300       2.5     289.8  
S0578   -1.3     -16.4    23256            44656           300       1.4     370.1  
S0579   18.7     -5.4     29378            39117           300       1.7     70.1   
S0580   -10.5    12.6     27536            39798           300       0.6     314.3  
S0581   17.6     7.2      26681            41446           300       2.4     390.5  
S0582   -1.0     4.0      25840            35947           300       2.2     230.4  
S0583   -1.1     -14.5    57414            64800           300       1.5     117.8  
S0584   -11.8    19.2     28928            37335           300       1.6     229.4  
S0585   2.4      -2.1     55383            63894           300       1.6     357.7  
S0586   13.2     -2.1     27191            36668           300       1.1     143.9  
S0587   -7.6     -3.6     41508            54973           300       0.7     283.3  
S0588   14.4     -10.4    57591            64800           300       2.5     350.1  
S0589   -11.0    -5.5     51803            59120           300       0.7     170.0  
S0590   18.2     -2.5     28650            49452           300       1.7     241.4  
S0591   -1.0     -3.0     56068            64393           300       2.7     107.3  
S0592   16.4     15.4     43639            56180           300       1.1     236.1  
S0593   -12.0    13.8     32819            51845           300       1.4     288.7  
S0594   -12.3    -15.9    46525            56036           300       0.6     189.0  
S0595   -6.8     -11.1    46348            57063           300       2.2     178.0  
S0596   9.8      5.9      53617            64734           300       2.1     103.6  
S0597   15.0     -15.0    33297            48137           300       2.2     82.1   
S0598   -0.9     16.5     48179            55879           300       2.1     261.4  
S0599   -5.3     8.1      48040            64800           300       0.6     124.1  
S0600   -5.6     0.6      34091            50387           300       2.5     85.9   
S0601   -14.4    17.0     45704            58534           300       0.5     298.6  
S0602   -16.7    0.1      25154            46356           300       1.7     246.8  
S0603   16.3     6.3      42371            63822           300       1.9     270.4  
S0604   -7.0     18.7     56636            64257           300       0.7     78.9   
S0605   -11.0    -9.2     50734            64800           300       1.8     207.0  
S0606   -11.2    1.4      45170            57351           300       1.5     302.2  
S0607   0.5      -18.0    44557            57128           300       1.9     138.0  
S0608   16.6     9.7      44332            52753           300       2.0     176.8  
S0609   8.9      1.1      50202            64800           300       2.5     61.4   
S0610   -11.9    18.3     48860            60054           300       1.1     142.5  
S0611   -11.4    -2.2     54644            64800           300       2.2     125.3  
S0612   15.9     11.0     54838            64800           300       2.0     244.1  
S0613   11.7     8.2      33893            42425           300       2.1     352.5  
S0614   13.5     9.1      25036            43926           300       3.0     307.4  
S0615   -8.5     -15.1    24301            41747           300       0.6     99.8   
S0616   -4.2     -0.1     52680            64800           300       1.3     143.1  
S0617   18.1     -9.8     37643            58762           300       2.0     177.6  
S0618   14.5     19.8     56001            64800           300       0.7     219.2  
S0619   -0.3     -8.9     30634            43294           300       1.2     316.9  
S0620   15.0     -16.3    53247            64800           300       2.8     90.5   
S0621   17.7     13.0     30344            38389           300       0.8     206.3  
S0622   6.5      16.3     32170            41218           300       2.8     120.1  
S0623   -13.0    6.9      22019            33675           300       2.2     213.8  
S0624   4.1      3.1      23309            33842           300       2.7     193.4  
S0625   -6.9     17.6     43645            64800           300       2.5     267.2  
S0626   12.6     15.2     32937            43361           300       2.7     153.4  
S0627   2.3      -8.7     47791            61485           300       0.9     145.0  
S0628   10.6     13.7     37236            50443           300       1.1     133.8  
S0629   -3.3     -15.9    26474            39279           300       1.0     64.3   
S0630   13.8     -12.1    32369            51764           300       1.0     236.0  
S0631   14.3     10.2     30889            49938           300       1.2     140.8  
S0632   -12.9    14.9     31306            39404           300       1.6     355.2  
S0633   -16.0    6.0      57459            64800           300       2.2     213.5  
S0634   -13.7    -8.8     49129            64800           300       0.7     108.8  
S0635   6.2      -19.7    45677            61316           300       1.4     278.1  
S0636   3.6      -1.7     42676            58975           300       2.0     81.8   
S0637   14.7     2.3      43230            51225           300       1.1     305.3  
S0638   -10.2    13.1     48872            64800           300       0.9     341.7  
S0639   -19.5    13.1     40410            50091           300       2.7     395.7  
S0640   4.5      2.4      44365            63471           300       1.1     246.1  
S0641   -12.7    -0.5     35408            53681           300       1.0     320.3  
S0642   -11.1    -9.8     54136            64800           300       2.0     218.4  
S0643   -2.1     -9.5     31600            40904           300       0.7     332.8  
S0644   11.4     -2.7     29598            45026           300       2.5     186.0  
S0645   11.5     2.3      49076            64800           300       1.9     318.6  
S0646   -15.4    4.0      29877            50264           300       3.0     75.2   
S0647   11.2     -9.6     50576            64313           300       1.3     195.9  
S0648   2.2      -9.6     37829            54040           300       2.3     329.6  
S0649   -8.9     11.4     48406            62957           300       1.3     83.9   
S0650   5.6      -17.2    26540            40448           300       0.7     78.6   
S0651   -9.8     -1.2     30209            50426           300       0.6     388.0  
S0652   10.5     12.9     31024            49359           300       0.6     126.3  
S0653   0.4      3.1      38210            50917           300       0.9     129.0  
S0654   15.7     18.3     39070            56798           300       1.4     231.7  
S0655   -15.9    18.3     27783            37952           300       1.9     99.7   
S0656   11.3     -12.2    48993            62050           300       0.6     102.8  
S0657   17.9     -2.0     38439            55647           300       0.9     266.0  
S0658   19.6     -0.3     50269            64800           300       0.6     370.5  
S0659   14.5     -6.5     49995            64542           300       2.6     117.8  
S0660   6.8      18.4     30857            48355           300       1.3     371.6  
S0661   -15.0    16.4     44695            62925           300       2.5     350.8  
S0662   5.8      0.7      46411            55128           300       1.0     276.8  
S0663   -4.2     -15.0    55671            64800           300       0.7     364.7  
S0664   -3.4     14.0     32622            46021           300       3.0     298.0  
S0665   7.6      1.7      50982            64800           300       2.4     96.5   
S0666   9.0      3.0      51232            62326           300       1.1     64.1   
S0667   -0.9     -19.9    38584            58006           300       1.5     166.5  
S0668   -18.2    17.2     53607            64800           300       1.5     190.6  
S0669   0.3      -2.9     53576            64800           300       0.7     390.4  
S0670   17.7     -14.9    29794            42767           300       2.7     366.0  
S0671   -9.8     -4.2     24285            36002           300       2.2     392.0  
S0672   -9.2     7.8      42140            62784           300       2.8     169.1  
S0673   -10.2    -5.3     38645            50133           300       2.8     65.3   
S0674   -8.2     -16.6    51436            64800           300       2.2     249.8  
S0675   7.1      19.8     29364            47015           300       3.0     325.2  
S0676   -4.2     1.1      52713            63655           300       2.1     229.0  
S0677   12.4     15.7     44967            61222           300       2.3     154.3  
S0678   -9.1     12.4     23273            38798           300       1.4     56.9   
S0679   -13.5    10.8     30321            41059           300       2.9     159.1  
S0680   -1.6     16.4     46233            64800           300       1.7     273.2  
S0681   7.9      5.6      47448            61823           300       2.9     206.9  
S0682   5.2      -17.0    26039            33398           300       1.7     175.1  
S0683   -2.9     5.7      21993            30131           300       0.9     357.1  
S0684   15.9     11.5     36300            56396           300       1.3     155.6  
S0685   -16.3    -2.3     22598            43355           300       1.4     106.6  
S0686   -11.4    -14.7    54278            64800           300       2.1     338.2  
S0687   -4.5     -11.9    49936            64713           300       0.6     84.4   
S0688   3.4      -10.7    46707            57251           300       2.6     240.2  
S0689   -16.1    1.2      47760            59628           300       2.1     314.2  
S0690   -2.7     -8.2     28313            48755           300       2.5     206.4  
S0691   -1.0     11.1     27488            42139           300       2.9     307.8  
S0692   10.0     -9.4     54736            64800           300       2.9     165.1  
S0693   18.6     -12.4    56887            64800           300       1.1     207.8  
S0694   -20.0    15.1     56033            64800           300       2.9     287.3  
S0695   1.8      8.1      46803            57430           300       1.4     50.7   
S0696   -13.7    -5.6     36569            47297           300       2.7     366.6  
S0697   6.9      5.1      55616            64800           300       2.0     207.5  
S0698   17.5     -5.0     40167            61211           300       1.0     269.1  
S0699   10.5     13.5     47589            60965           300       1.6     371.1  
S0700   14.6     7.2      22388            36521           300       2.8     167.0  
S0701   -3.8     -15.1    37806            48277           300       3.0     105.2  
S0702   -11.4    -17.4    32736            49867           300       0.6     55.1   
S0703   1.7      -8.4     52596            64800           300       1.3     153.9  
S0704   -16.3    -0.1     44346            61571           300       1.5     202.3  
S0705   13.5     -15.1    51562            64800           300       1.5     371.9  
S0706   -17.4    -19.0    52792            60090           300       1.8     261.2  
S0707   4.8      10.9     48994            64800           300       1.4     122.0  
S0708   18.0     5.2      42485            62581           300       0.7     373.7  
S0709   -15.1    8.9      49116            64800           300       1.6     229.8  
S0710   8.0      7.5      36937            56634           300       3.0     264.1  
S0711   12.4     -10.3    41615            56497           300       1.6     231.8  
S0712   -4.1     19.3     43427            55008           300       0.6     340.9  
S0713   3.7      11.0     54193            61506           300       0.9     213.7  
S0714   -13.7    7.6      27234            39162           300       2.4     268.1  
S0715   14.5     -7.4     37313            45317           300       1.6     163.4  
S0716   -13.7    -3.9     38034            58179           300       2.8     90.4   
S0717   -14.3    19.1     53877            64800           300       1.3     396.4  
S0718   19.0     7.9      48739            64800           300       2.3     245.9  
S0719   -16.2    -5.1     45694            56038           300       2.0     212.5  
S0720   -2.7     -14.5    34404            46391           300       1.0     56.6   
S0721   -19.9    -1.6     32920            42745           300       2.2     373.4  
S0722   8.7      -6.3     33533            48297           300       1.7     248.7  
S0723   -14.7    1.0      47278            64800           300       0.6     221.4  
S0724   13.1     -12.1    26314            34031           300       2.2     346.5  
S0725   -0.6     8.7      50026            58417           300       0.6     286.5  
S0726   8.0      -15.0    39956            61312           300       1.5     76.3   
S0727   -10.9    -6.5     36251            47725           300       1.9     263.0  
S0728   -7.2     8.1      36298            53183           300       0.6     324.5  
S0729   14.1     -6.9     31392            45649           300       1.1     221.7  
S0730   12.2     -2.5     55710            64800           300       2.2     346.5  
S0731   -19.3    7.1      57138            64800           300       1.6     63.0   
S0732   -17.8    -11.7    46907            61844           300       1.7     345.8  
S0733   -17.0    -2.8     56719            64800           300       1.6     335.1  
S0734   -19.6    -4.7     56099            64800           300       1.7     260.6  
S0735   3.3      -10.8    25441            43083           300       2.2     152.0  
S0736   -3.8     1.6      29413            48726           300       1.5     141.7  
S0737   7.3      16.0     33133            44126           300       0.9     300.8  
S0738   -17.7    -14.0    52924            64800           300       2.6     268.6  
S0739   13.9     16.2     23417            31785           300       2.7     243.9  
S0740   -17.5    -3.7     34147            51596           300       1.1     199.9  
S0741   -7.7     -19.2    23445            40978           300       2.0     227.2  
S0742   9.9      -16.6    56662            64800           300       0.6     352.4  
S0743   -12.1    16.1     29195            47075           300       1.7     133.1  
S0744   14.2     -1.0     56355            64800           300       2.2     60.8   
S0745   11.4     5.9      51457            58932           300       2.4     312.5  
S0746   -1.3     -2.7     36749            53900           300       1.7     114.2  
S0747   -12.9    -13.5    23275            32373           300       1.5     136.1  
S0748   5.0      19.6     36834            48883           300       2.8     96.7   
S0749   15.6     -13.7    31151            44446           300       1.4     348.7  
S0750   16.3     19.8     29011            44469           300       1.7     332.1  
S0751   9.4      11.9     35474            45623           300       2.8     137.7  
S0752   11.0     -2.6     37426            57403           300       1.8     329.1  
S0753   14.3     13.8     46687            54469           300       1.6     139.7  
S0754   -4.5     1.6      54473            64800           300       1.1     218.6  
S0755   -5.8     -3.8     45781            54808           300       2.0     218.4  
S0756   -19.2    11.7     55893            64800           300       2.5     144.7  
S0757   14.1     -14.1    22385            41048           300       0.8     73.4   
S0758   14.0     15.3     46978            63940           300       1.0     256.6  
S0759   11.1     -9.6     45649            64265           300       2.9     106.7  
S0760   -2.3     -9.4     53825            64800           300       1.2     368.7  
S0761   -3.0     9.6      48456            64611           300       3.0     278.6  
S0762   -4.5     -19.8    28421            38671           300       1.6     119.3  
S0763   8.5      -16.1    52001            64800           300       2.7     303.9  
S0764   -9.4     -12.9    49500            58201           300       1.1     318.7  
S0765   15.9     -0.1     25259            42032           300       0.8     155.5  
S0766   -17.8    -3.3     45641            60854           300       0.8     76.8   
S0767   -14.8    2.4      42723            62910           300       2.4     178.2  
S0768   1.4      15.2     27487            45405           300       1.2     117.4  
S0769   -11.9    -4.4     53824            64800           300       1.2     243.6  
S0770   17.2     -8.6     52216            64800           300       1.4     336.0  
S0771   -11.0    -4.6     56409            64800           300       2.7     163.5  
S0772   4.5      -13.1    30164            43118           300       1.4     372.6  
S0773   -1.9     4.8      48465            64800           300       1.5     134.7  
S0774   0.3      -3.0     22638            35411           300       2.1     213.2  
S0775   -15.4    -14.6    28963            39513           300       1.7     233.5  
S0776   -2.1     5.5      32249            47439           300       0.6     339.0  
S0777   19.6     5.6      50921            64800           300       0.8     245.9  
S0778   -18.4    0.1      31449            49709           300       2.5     246.0  
S0779   9.1      2.8      43271            53249           300       2.2     342.5  
S0780   1.9      14.4     43580            51069           300       2.7     372.1  
S0781   -16.6    -7.3     35573            45964           300       1.8     297.8  
S0782   19.2     -18.1    49432            57256           300       2.4     59.7   
S0783   -18.7    10.7     41194            51963           300       2.3     143.9  
S0784   -16.4    -16.8    53471            63186           300       2.3     149.2  
S0785   14.1     -15.7    37957            56913           300       2.0     333.6  
S0786   -6.3     -19.5    56893            64800           300       2.6     121.1  
S0787   -19.5    10.2     29014            36217           300       1.9     356.5  
S0788   10.5     -6.9     51699            61570           300       1.5     134.3  
S0789   -13.0    -19.1    56970            64800           300       2.1     328.8  
S0790   11.8     7.9      49517            64800           300       1.7     80.8   
S0791   -8.3     8.3      53908            64800           300       2.0     395.8  
S0792   10.2     -2.5     30014            43904           300       2.4     240.6  
S0793   2.7      -12.3    45879            64800           300       1.6     368.8  
S0794   -10.9    9.6      31932            51453           300       0.6     83.1   
S0795   -4.3     9.9      57233            64800           300       2.5     288.0  
S0796   15.5     5.3      37623            56568           300       2.0     155.1  
S0797   20.0     16.2     50338            63625           300       2.7     166.6  
S0798   13.2     13.8     45748            56100           300       1.1     298.0  
S0799   15.0     18.6     38970            49092           300       1.5     61.2   
S0800   16.6     1.8      32838            47124           300       1.5     76.5   
S0801   6.7      -2.8     37122            51271           300       1.6     106.2  
S0802   19.5     0.7      55085            64800           300       0.6     368.8  
S0803   2.5      4.3      45058            56058           300       1.9     344.3  
S0804   16.3     5.7      44039            57530           300       2.3     385.2  
